# relative_time, cycles_done, cur_item, corpus_count, pending_total, pending_favs, map_size, saved_crashes, saved_hangs, max_depth, execs_per_sec, total_execs, edges_found, total_crashes, servers_count
61, 61, 2, 4, 0, 0, 2.87%, 0, 0, 1, 597.26, 36730, 88, 0, 0
66, 66, 2, 4, 0, 0, 2.87%, 0, 0, 1, 603.19, 39837, 88, 0, 0
71, 71, 2, 4, 0, 0, 2.87%, 0, 0, 1, 601.19, 42965, 88, 0, 0
76, 76, 2, 4, 0, 0, 2.87%, 0, 0, 1, 603.83, 46089, 88, 0, 0
82, 81, 2, 4, 0, 0, 2.87%, 0, 0, 1, 594.41, 49130, 88, 0, 0
87, 86, 2, 4, 0, 0, 2.87%, 0, 0, 1, 596.32, 52186, 88, 0, 0
92, 91, 2, 4, 0, 0, 2.87%, 0, 0, 1, 587.34, 55230, 88, 0, 0
97, 96, 2, 4, 0, 0, 2.87%, 0, 0, 1, 579.67, 58164, 88, 0, 0
102, 101, 2, 4, 0, 0, 2.87%, 0, 0, 1, 573.26, 61041, 88, 0, 0
107, 106, 2, 4, 0, 0, 2.87%, 0, 0, 1, 568.44, 63930, 88, 0, 0
112, 111, 2, 4, 0, 0, 2.87%, 0, 0, 1, 578.20, 66864, 88, 0, 0
117, 116, 2, 4, 0, 0, 2.87%, 0, 0, 1, 573.62, 69797, 88, 0, 0
122, 121, 2, 4, 0, 0, 2.87%, 0, 0, 1, 571.86, 72664, 88, 0, 0
127, 125, 2, 4, 0, 0, 2.87%, 0, 0, 1, 575.44, 75564, 88, 0, 0
132, 130, 2, 4, 0, 0, 2.87%, 0, 0, 1, 576.82, 78475, 88, 0, 0
137, 135, 2, 4, 0, 0, 2.87%, 0, 0, 1, 561.57, 81319, 88, 0, 0
142, 140, 2, 4, 0, 0, 2.87%, 0, 0, 1, 569.88, 84197, 88, 0, 0
148, 145, 2, 4, 0, 0, 2.87%, 0, 0, 1, 575.89, 87119, 88, 0, 0
153, 149, 2, 4, 0, 0, 2.87%, 0, 0, 1, 576.68, 90041, 88, 0, 0
158, 154, 2, 4, 0, 0, 2.87%, 0, 0, 1, 552.06, 92853, 88, 0, 0
163, 159, 2, 4, 0, 0, 2.87%, 0, 0, 1, 540.14, 95583, 88, 0, 0
168, 164, 2, 4, 0, 0, 2.87%, 0, 0, 1, 571.19, 98486, 88, 0, 0
173, 168, 2, 4, 0, 0, 2.87%, 0, 0, 1, 541.25, 101243, 88, 0, 0
178, 173, 2, 4, 0, 0, 2.87%, 0, 0, 1, 543.26, 104023, 88, 0, 0
183, 177, 2, 4, 0, 0, 2.87%, 0, 0, 1, 533.25, 106683, 88, 0, 0
188, 182, 2, 4, 0, 0, 2.87%, 0, 0, 1, 544.64, 109430, 88, 0, 0
193, 186, 2, 4, 0, 0, 2.87%, 0, 0, 1, 506.10, 111952, 88, 0, 0
198, 190, 2, 4, 0, 0, 2.87%, 0, 0, 1, 485.66, 114452, 88, 0, 0
203, 195, 2, 4, 0, 0, 2.87%, 0, 0, 1, 546.48, 117383, 88, 0, 0
208, 199, 2, 4, 0, 0, 2.87%, 0, 0, 1, 516.25, 119973, 88, 0, 0
213, 204, 2, 4, 0, 0, 2.87%, 0, 0, 1, 541.02, 122843, 88, 0, 0
219, 209, 2, 4, 0, 0, 2.87%, 0, 0, 1, 521.43, 125473, 88, 0, 0
224, 213, 2, 4, 0, 0, 2.87%, 0, 0, 1, 512.81, 128063, 88, 0, 0
229, 217, 2, 4, 0, 0, 2.87%, 0, 0, 1, 509.46, 130652, 88, 0, 0
234, 221, 2, 4, 0, 0, 2.87%, 0, 0, 1, 504.44, 133213, 88, 0, 0
239, 226, 2, 4, 0, 0, 2.87%, 0, 0, 1, 513.06, 135833, 88, 0, 0
244, 230, 2, 4, 0, 0, 2.87%, 0, 0, 1, 526.25, 138463, 88, 0, 0
249, 235, 2, 4, 0, 0, 2.87%, 0, 0, 1, 523.75, 141152, 88, 0, 0
254, 239, 2, 4, 0, 0, 2.87%, 0, 0, 1, 518.65, 143743, 88, 0, 0
259, 244, 2, 4, 0, 0, 2.87%, 0, 0, 1, 557.79, 146686, 88, 0, 0
264, 248, 2, 4, 0, 0, 2.87%, 0, 0, 1, 526.50, 149363, 88, 0, 0
269, 253, 2, 4, 0, 0, 2.87%, 0, 0, 1, 543.55, 152113, 88, 0, 0
274, 257, 2, 4, 0, 0, 2.87%, 0, 0, 1, 526.14, 154813, 88, 0, 0
279, 262, 2, 4, 0, 0, 2.87%, 0, 0, 1, 514.74, 157413, 88, 0, 0
284, 266, 2, 4, 0, 0, 2.87%, 0, 0, 1, 512.32, 160013, 88, 0, 0
289, 271, 2, 4, 0, 0, 2.87%, 0, 0, 1, 526.93, 162663, 88, 0, 0
295, 275, 2, 4, 0, 0, 2.87%, 0, 0, 1, 547.93, 165597, 88, 0, 0
300, 280, 2, 4, 0, 0, 2.87%, 0, 0, 1, 520.97, 168193, 88, 0, 0
305, 284, 2, 4, 0, 0, 2.87%, 0, 0, 1, 551.60, 170964, 88, 0, 0
310, 289, 2, 4, 0, 0, 2.87%, 0, 0, 1, 526.73, 173613, 88, 0, 0
315, 293, 2, 4, 0, 0, 2.87%, 0, 0, 1, 543.21, 176319, 88, 0, 0
320, 296, 2, 4, 0, 0, 2.87%, 0, 0, 1, 392.87, 178095, 88, 0, 0
325, 299, 2, 4, 0, 0, 2.87%, 0, 0, 1, 395.52, 180026, 88, 0, 0
330, 304, 2, 4, 0, 0, 2.87%, 0, 0, 1, 481.75, 182472, 88, 0, 0
335, 308, 2, 4, 0, 0, 2.87%, 0, 0, 1, 536.90, 185304, 88, 0, 0
340, 313, 2, 4, 0, 0, 2.87%, 0, 0, 1, 545.94, 188044, 88, 0, 0
345, 318, 2, 4, 0, 0, 2.87%, 0, 0, 1, 550.60, 190887, 88, 0, 0
351, 322, 2, 4, 0, 0, 2.87%, 0, 0, 1, 544.56, 193704, 88, 0, 0
356, 327, 2, 4, 0, 0, 2.87%, 0, 0, 1, 568.42, 196620, 88, 0, 0
361, 332, 2, 4, 0, 0, 2.87%, 0, 0, 1, 549.25, 199414, 88, 0, 0
366, 336, 2, 4, 0, 0, 2.87%, 0, 0, 1, 545.79, 202214, 88, 0, 0
371, 341, 2, 4, 0, 0, 2.87%, 0, 0, 1, 561.24, 205176, 88, 0, 0
376, 346, 2, 4, 0, 0, 2.87%, 0, 0, 1, 565.77, 208153, 88, 0, 0
381, 351, 2, 4, 0, 0, 2.87%, 0, 0, 1, 568.34, 210909, 88, 0, 0
386, 356, 2, 4, 0, 0, 2.87%, 0, 0, 1, 573.56, 213865, 88, 0, 0
392, 361, 2, 4, 0, 0, 2.87%, 0, 0, 1, 550.38, 216676, 88, 0, 0
397, 366, 2, 4, 0, 0, 2.87%, 0, 0, 1, 591.14, 219698, 88, 0, 0
402, 370, 2, 4, 0, 0, 2.87%, 0, 0, 1, 558.89, 222509, 88, 0, 0
407, 375, 2, 4, 0, 0, 2.87%, 0, 0, 1, 574.73, 225398, 88, 0, 0
412, 380, 2, 4, 0, 0, 2.87%, 0, 0, 1, 567.72, 228309, 88, 0, 0
417, 385, 2, 4, 0, 0, 2.87%, 0, 0, 1, 588.70, 231265, 88, 0, 0
422, 390, 2, 4, 0, 0, 2.87%, 0, 0, 1, 575.76, 234187, 88, 0, 0
427, 395, 2, 4, 0, 0, 2.87%, 0, 0, 1, 595.55, 237153, 88, 0, 0
432, 399, 2, 4, 0, 0, 2.87%, 0, 0, 1, 586.02, 240042, 88, 0, 0
437, 405, 2, 4, 0, 0, 2.87%, 0, 0, 1, 592.77, 243187, 88, 0, 0
442, 410, 2, 4, 0, 0, 2.87%, 0, 0, 1, 609.29, 246250, 88, 0, 0
447, 415, 2, 4, 0, 0, 2.87%, 0, 0, 1, 613.81, 249414, 88, 0, 0
453, 420, 2, 4, 0, 0, 2.87%, 0, 0, 1, 607.72, 252502, 88, 0, 0
458, 425, 2, 4, 0, 0, 2.87%, 0, 0, 1, 603.76, 255614, 88, 0, 0
463, 431, 2, 4, 0, 0, 2.87%, 0, 0, 1, 609.81, 258753, 88, 0, 0
468, 436, 2, 4, 0, 0, 2.87%, 0, 0, 1, 602.63, 261902, 88, 0, 0
473, 441, 2, 4, 0, 0, 2.87%, 0, 0, 1, 612.89, 265090, 88, 0, 0
478, 447, 2, 4, 0, 0, 2.87%, 0, 0, 1, 615.42, 268278, 88, 0, 0
484, 452, 2, 4, 0, 0, 2.87%, 0, 0, 1, 615.26, 271450, 88, 0, 0
489, 457, 2, 4, 0, 0, 2.87%, 0, 0, 1, 607.26, 274566, 88, 0, 0
494, 462, 2, 4, 0, 0, 2.87%, 0, 0, 1, 610.58, 277714, 88, 0, 0
499, 467, 2, 4, 0, 0, 2.87%, 0, 0, 1, 601.34, 280842, 88, 0, 0
504, 473, 2, 4, 0, 0, 2.87%, 0, 0, 1, 613.10, 284014, 88, 0, 0
509, 478, 2, 4, 0, 0, 2.87%, 0, 0, 1, 609.33, 287150, 88, 0, 0
515, 483, 2, 4, 0, 0, 2.87%, 0, 0, 1, 614.44, 290314, 88, 0, 0
520, 489, 2, 4, 0, 0, 2.87%, 0, 0, 1, 612.43, 293466, 88, 0, 0
525, 494, 2, 4, 0, 0, 2.87%, 0, 0, 1, 610.97, 296602, 88, 0, 0
530, 499, 2, 4, 0, 0, 2.87%, 0, 0, 1, 603.77, 299690, 88, 0, 0
535, 504, 2, 4, 0, 0, 2.87%, 0, 0, 1, 608.49, 302850, 88, 0, 0
540, 509, 2, 4, 0, 0, 2.87%, 0, 0, 1, 611.05, 305990, 88, 0, 0
545, 515, 2, 4, 0, 0, 2.87%, 0, 0, 1, 604.59, 309114, 88, 0, 0
551, 520, 2, 4, 0, 0, 2.87%, 0, 0, 1, 598.38, 312214, 88, 0, 0
556, 525, 2, 4, 0, 0, 2.87%, 0, 0, 1, 599.26, 315309, 88, 0, 0
561, 530, 2, 4, 0, 0, 2.87%, 0, 0, 1, 597.98, 318390, 88, 0, 0
566, 535, 2, 4, 0, 0, 2.87%, 0, 0, 1, 602.91, 321526, 88, 0, 0
571, 540, 2, 4, 0, 0, 2.87%, 0, 0, 1, 588.79, 324609, 88, 0, 0
576, 545, 2, 4, 0, 0, 2.87%, 0, 0, 1, 561.33, 327453, 88, 0, 0
582, 550, 2, 4, 0, 0, 2.87%, 0, 0, 1, 546.72, 330264, 88, 0, 0
587, 555, 2, 4, 0, 0, 2.87%, 0, 0, 1, 553.38, 333187, 88, 0, 0
592, 559, 2, 4, 0, 0, 2.87%, 0, 0, 1, 536.09, 335924, 88, 0, 0
597, 564, 2, 4, 0, 0, 2.87%, 0, 0, 1, 549.57, 338687, 88, 0, 0
602, 569, 2, 4, 0, 0, 2.87%, 0, 0, 1, 566.23, 341609, 88, 0, 0
607, 574, 2, 4, 0, 0, 2.87%, 0, 0, 1, 570.10, 344553, 88, 0, 0
612, 579, 2, 4, 0, 0, 2.87%, 0, 0, 1, 572.38, 347498, 88, 0, 0
617, 583, 2, 4, 0, 0, 2.87%, 0, 0, 1, 540.99, 350276, 88, 0, 0
622, 588, 2, 4, 0, 0, 2.87%, 0, 0, 1, 534.05, 352994, 88, 0, 0
627, 592, 2, 4, 0, 0, 2.87%, 0, 0, 1, 569.08, 355842, 88, 0, 0
633, 597, 2, 4, 0, 0, 2.87%, 0, 0, 1, 548.73, 358687, 88, 0, 0
638, 602, 2, 4, 0, 0, 2.87%, 0, 0, 1, 583.71, 361653, 88, 0, 0
643, 607, 2, 4, 0, 0, 2.87%, 0, 0, 1, 550.14, 364476, 88, 0, 0
648, 612, 2, 4, 0, 0, 2.87%, 0, 0, 1, 545.78, 367274, 88, 0, 0
653, 616, 2, 4, 0, 0, 2.87%, 0, 0, 1, 531.56, 370034, 88, 0, 0
658, 621, 2, 4, 0, 0, 2.87%, 0, 0, 1, 547.10, 372864, 88, 0, 0
663, 626, 2, 4, 0, 0, 2.87%, 0, 0, 1, 578.54, 375853, 88, 0, 0
669, 631, 2, 4, 0, 0, 2.87%, 0, 0, 1, 559.29, 378698, 88, 0, 0
674, 635, 2, 4, 0, 0, 2.87%, 0, 0, 1, 538.87, 381453, 88, 0, 0
679, 640, 2, 4, 0, 0, 2.87%, 0, 0, 1, 527.17, 384184, 88, 0, 0
684, 645, 2, 4, 0, 0, 2.87%, 0, 0, 1, 579.63, 387131, 88, 0, 0
689, 649, 2, 4, 0, 0, 2.87%, 0, 0, 1, 559.14, 389987, 88, 0, 0
694, 654, 2, 4, 0, 0, 2.87%, 0, 0, 1, 550.98, 392831, 88, 0, 0
699, 659, 2, 4, 0, 0, 2.87%, 0, 0, 1, 569.35, 395709, 88, 0, 0
704, 664, 2, 4, 0, 0, 2.87%, 0, 0, 1, 549.46, 398498, 88, 0, 0
709, 668, 2, 4, 0, 0, 2.87%, 0, 0, 1, 549.65, 401324, 88, 0, 0
714, 673, 2, 4, 0, 0, 2.87%, 0, 0, 1, 562.47, 404209, 88, 0, 0
719, 678, 2, 4, 0, 0, 2.87%, 0, 0, 1, 602.72, 407266, 88, 0, 0
724, 683, 2, 4, 0, 0, 2.87%, 0, 0, 1, 600.29, 410226, 88, 0, 0
729, 688, 2, 4, 0, 0, 2.87%, 0, 0, 1, 606.57, 413238, 88, 0, 0
735, 693, 2, 4, 0, 0, 2.87%, 0, 0, 1, 561.05, 416042, 88, 0, 0
740, 698, 2, 4, 0, 0, 2.87%, 0, 0, 1, 564.16, 418876, 88, 0, 0
745, 703, 2, 4, 0, 0, 2.87%, 0, 0, 1, 589.81, 421942, 88, 0, 0
750, 708, 2, 4, 0, 0, 2.87%, 0, 0, 1, 587.46, 425042, 88, 0, 0
755, 713, 2, 4, 0, 0, 2.87%, 0, 0, 1, 606.28, 428090, 88, 0, 0
760, 718, 2, 4, 0, 0, 2.87%, 0, 0, 1, 597.90, 431020, 88, 0, 0
765, 723, 2, 4, 0, 0, 2.87%, 0, 0, 1, 595.91, 433987, 88, 0, 0
770, 728, 2, 4, 0, 0, 2.87%, 0, 0, 1, 606.59, 437038, 88, 0, 0
775, 733, 2, 4, 0, 0, 2.87%, 0, 0, 1, 608.55, 440066, 88, 0, 0
780, 738, 2, 4, 0, 0, 2.87%, 0, 0, 1, 586.00, 442953, 88, 0, 0
785, 743, 2, 4, 0, 0, 2.87%, 0, 0, 1, 573.74, 445887, 88, 0, 0
791, 748, 2, 4, 0, 0, 2.87%, 0, 0, 1, 606.06, 449066, 88, 0, 0
796, 753, 2, 4, 0, 0, 2.87%, 0, 0, 1, 593.57, 452109, 88, 0, 0
801, 758, 2, 4, 0, 0, 2.87%, 0, 0, 1, 596.86, 455087, 88, 0, 0
806, 763, 2, 4, 0, 0, 2.87%, 0, 0, 1, 583.66, 458042, 88, 0, 0
811, 768, 2, 4, 0, 0, 2.87%, 0, 0, 1, 609.52, 461138, 88, 0, 0
816, 773, 2, 4, 0, 0, 2.87%, 0, 0, 1, 613.82, 464290, 88, 0, 0
821, 778, 2, 4, 0, 0, 2.87%, 0, 0, 1, 605.68, 467402, 88, 0, 0
826, 784, 2, 4, 0, 0, 2.87%, 0, 0, 1, 609.83, 470578, 88, 0, 0
831, 789, 2, 4, 0, 0, 2.87%, 0, 0, 1, 614.49, 473738, 88, 0, 0
837, 794, 2, 4, 0, 0, 2.87%, 0, 0, 1, 615.21, 476914, 88, 0, 0
842, 799, 2, 4, 0, 0, 2.87%, 0, 0, 1, 579.47, 479820, 88, 0, 0
847, 804, 2, 4, 0, 0, 2.87%, 0, 0, 1, 600.28, 482909, 88, 0, 0
852, 809, 2, 4, 0, 0, 2.87%, 0, 0, 1, 572.26, 485898, 88, 0, 0
857, 814, 2, 4, 0, 0, 2.87%, 0, 0, 1, 560.05, 488742, 88, 0, 0
862, 819, 2, 4, 0, 0, 2.87%, 0, 0, 1, 554.68, 491509, 88, 0, 0
867, 823, 2, 4, 0, 0, 2.87%, 0, 0, 1, 549.45, 494244, 88, 0, 0
872, 828, 2, 4, 0, 0, 2.87%, 0, 0, 1, 541.45, 497034, 88, 0, 0
877, 833, 2, 4, 0, 0, 2.87%, 0, 0, 1, 582.77, 500031, 88, 0, 0
882, 838, 2, 4, 0, 0, 2.87%, 0, 0, 1, 598.62, 503102, 88, 0, 0
887, 843, 2, 4, 0, 0, 2.87%, 0, 0, 1, 554.86, 505865, 88, 0, 0
892, 847, 2, 4, 0, 0, 2.87%, 0, 0, 1, 572.82, 508809, 88, 0, 0
898, 852, 2, 4, 0, 0, 2.87%, 0, 0, 1, 554.11, 511598, 88, 0, 0
903, 857, 2, 4, 0, 0, 2.87%, 0, 0, 1, 549.33, 514404, 88, 0, 0
908, 861, 2, 4, 0, 0, 2.87%, 0, 0, 1, 544.94, 517174, 88, 0, 0
913, 866, 2, 4, 0, 0, 2.87%, 0, 0, 1, 547.09, 520014, 88, 0, 0
918, 871, 2, 4, 0, 0, 2.87%, 0, 0, 1, 530.73, 522794, 88, 0, 0
923, 875, 2, 4, 0, 0, 2.87%, 0, 0, 1, 534.63, 525564, 88, 0, 0
928, 880, 2, 4, 0, 0, 2.87%, 0, 0, 1, 583.64, 528598, 88, 0, 0
934, 885, 2, 4, 0, 0, 2.87%, 0, 0, 1, 582.49, 531609, 88, 0, 0
939, 890, 2, 4, 0, 0, 2.87%, 0, 0, 1, 572.69, 534498, 88, 0, 0
944, 894, 2, 4, 0, 0, 2.87%, 0, 0, 1, 447.35, 536890, 88, 0, 0
949, 898, 2, 4, 0, 0, 2.87%, 0, 0, 1, 475.80, 539326, 88, 0, 0
954, 903, 2, 4, 0, 0, 2.87%, 0, 0, 1, 546.57, 542204, 88, 0, 0
959, 908, 2, 4, 0, 0, 2.87%, 0, 0, 1, 571.31, 545131, 88, 0, 0
964, 912, 2, 4, 0, 0, 2.87%, 0, 0, 1, 527.48, 547824, 88, 0, 0
969, 917, 2, 4, 0, 0, 2.87%, 0, 0, 1, 533.95, 550514, 88, 0, 0
974, 922, 2, 4, 0, 0, 2.87%, 0, 0, 1, 565.33, 553365, 88, 0, 0
979, 926, 2, 4, 0, 0, 2.87%, 0, 0, 1, 531.01, 556053, 88, 0, 0
985, 931, 2, 4, 0, 0, 2.87%, 0, 0, 1, 552.33, 558942, 88, 0, 0
990, 936, 2, 4, 0, 0, 2.87%, 0, 0, 1, 573.68, 561865, 88, 0, 0
995, 941, 2, 4, 0, 0, 2.87%, 0, 0, 1, 575.91, 564798, 88, 0, 0
1000, 945, 2, 4, 0, 0, 2.87%, 0, 0, 1, 550.18, 567584, 88, 0, 0
1005, 950, 2, 4, 0, 0, 2.87%, 0, 0, 1, 559.68, 570442, 88, 0, 0
1010, 955, 2, 4, 0, 0, 2.87%, 0, 0, 1, 569.26, 573320, 88, 0, 0
1015, 960, 2, 4, 0, 0, 2.87%, 0, 0, 1, 572.56, 576253, 88, 0, 0
1020, 965, 2, 4, 0, 0, 2.87%, 0, 0, 1, 563.08, 579131, 88, 0, 0
1025, 969, 2, 4, 0, 0, 2.87%, 0, 0, 1, 562.51, 581953, 88, 0, 0
1030, 974, 2, 4, 0, 0, 2.87%, 0, 0, 1, 550.89, 584684, 88, 0, 0
1035, 979, 2, 4, 0, 0, 2.87%, 0, 0, 1, 568.33, 587576, 88, 0, 0
1040, 983, 2, 4, 0, 0, 2.87%, 0, 0, 1, 547.34, 590324, 88, 0, 0
1045, 988, 2, 4, 0, 0, 2.87%, 0, 0, 1, 568.77, 593220, 88, 0, 0
1050, 993, 2, 4, 0, 0, 2.87%, 0, 0, 1, 572.42, 596109, 88, 0, 0
1055, 998, 2, 4, 0, 0, 2.87%, 0, 0, 1, 554.90, 598898, 88, 0, 0
1061, 1002, 2, 4, 0, 0, 2.87%, 0, 0, 1, 569.00, 601787, 88, 0, 0
1066, 1007, 2, 4, 0, 0, 2.87%, 0, 0, 1, 522.65, 604494, 88, 0, 0
1071, 1012, 2, 4, 0, 0, 2.87%, 0, 0, 1, 545.82, 607294, 88, 0, 0
1076, 1016, 2, 4, 0, 0, 2.87%, 0, 0, 1, 526.31, 609964, 88, 0, 0
1081, 1020, 2, 4, 0, 0, 2.87%, 0, 0, 1, 539.70, 612624, 88, 0, 0
1086, 1025, 2, 4, 0, 0, 2.87%, 0, 0, 1, 527.17, 615424, 88, 0, 0
1091, 1030, 2, 4, 0, 0, 2.87%, 0, 0, 1, 522.71, 618134, 88, 0, 0
1096, 1034, 2, 4, 0, 0, 2.87%, 0, 0, 1, 563.39, 621020, 88, 0, 0
1101, 1039, 2, 4, 0, 0, 2.87%, 0, 0, 1, 547.18, 623664, 88, 0, 0
1106, 1043, 2, 4, 0, 0, 2.87%, 0, 0, 1, 554.91, 626453, 88, 0, 0
1112, 1048, 2, 4, 0, 0, 2.87%, 0, 0, 1, 544.12, 629244, 88, 0, 0
1117, 1053, 2, 4, 0, 0, 2.87%, 0, 0, 1, 549.76, 632098, 88, 0, 0
1122, 1058, 2, 4, 0, 0, 2.87%, 0, 0, 1, 562.69, 634920, 88, 0, 0
1127, 1062, 2, 4, 0, 0, 2.87%, 0, 0, 1, 560.13, 637742, 88, 0, 0
1132, 1067, 2, 4, 0, 0, 2.87%, 0, 0, 1, 550.16, 640565, 88, 0, 0
1137, 1072, 2, 4, 0, 0, 2.87%, 0, 0, 1, 548.43, 643424, 88, 0, 0
1142, 1077, 2, 4, 0, 0, 2.87%, 0, 0, 1, 549.79, 646274, 88, 0, 0
1148, 1081, 2, 4, 0, 0, 2.87%, 0, 0, 1, 539.43, 649084, 88, 0, 0
1153, 1086, 2, 4, 0, 0, 2.87%, 0, 0, 1, 560.66, 651920, 88, 0, 0
1158, 1091, 2, 4, 0, 0, 2.87%, 0, 0, 1, 550.04, 654753, 88, 0, 0
1163, 1095, 2, 4, 0, 0, 2.87%, 0, 0, 1, 540.58, 657534, 88, 0, 0
1168, 1100, 2, 4, 0, 0, 2.87%, 0, 0, 1, 549.24, 660334, 88, 0, 0
1173, 1105, 2, 4, 0, 0, 2.87%, 0, 0, 1, 542.32, 663064, 88, 0, 0
1178, 1109, 2, 4, 0, 0, 2.87%, 0, 0, 1, 532.49, 665824, 88, 0, 0
1183, 1114, 2, 4, 0, 0, 2.87%, 0, 0, 1, 543.36, 668634, 88, 0, 0
1188, 1118, 2, 4, 0, 0, 2.87%, 0, 0, 1, 551.66, 671442, 88, 0, 0
1194, 1123, 2, 4, 0, 0, 2.87%, 0, 0, 1, 537.14, 674224, 88, 0, 0
1199, 1128, 2, 4, 0, 0, 2.87%, 0, 0, 1, 567.91, 677109, 88, 0, 0
1204, 1133, 2, 4, 0, 0, 2.87%, 0, 0, 1, 551.41, 679976, 88, 0, 0
1209, 1137, 2, 4, 0, 0, 2.87%, 0, 0, 1, 566.72, 682809, 88, 0, 0
1214, 1142, 2, 4, 0, 0, 2.87%, 0, 0, 1, 569.93, 685665, 88, 0, 0
1219, 1147, 2, 4, 0, 0, 2.87%, 0, 0, 1, 546.52, 688414, 88, 0, 0
1224, 1152, 2, 4, 0, 0, 2.87%, 0, 0, 1, 556.23, 691331, 88, 0, 0
1229, 1156, 2, 4, 0, 0, 2.87%, 0, 0, 1, 565.19, 694231, 88, 0, 0
1234, 1161, 2, 4, 0, 0, 2.87%, 0, 0, 1, 566.82, 697098, 88, 0, 0
1239, 1166, 2, 4, 0, 0, 2.87%, 0, 0, 1, 575.54, 700009, 88, 0, 0
1244, 1171, 2, 4, 0, 0, 2.87%, 0, 0, 1, 576.89, 702909, 88, 0, 0
1249, 1175, 2, 4, 0, 0, 2.87%, 0, 0, 1, 460.04, 705135, 88, 0, 0
1255, 1179, 2, 4, 0, 0, 2.87%, 0, 0, 1, 463.45, 707508, 88, 0, 0
1260, 1183, 2, 4, 0, 0, 2.87%, 0, 0, 1, 551.64, 710234, 88, 0, 0
1265, 1188, 2, 4, 0, 0, 2.87%, 0, 0, 1, 577.06, 713176, 88, 0, 0
1270, 1193, 2, 4, 0, 0, 2.87%, 0, 0, 1, 605.95, 716266, 88, 0, 0
1275, 1198, 2, 4, 0, 0, 2.87%, 0, 0, 1, 612.84, 719438, 88, 0, 0
1280, 1203, 2, 4, 0, 0, 2.87%, 0, 0, 1, 596.02, 722387, 88, 0, 0
1285, 1209, 2, 4, 0, 0, 2.87%, 0, 0, 1, 611.82, 725538, 88, 0, 0
1290, 1214, 2, 4, 0, 0, 2.87%, 0, 0, 1, 612.40, 728678, 88, 0, 0
1295, 1219, 2, 4, 0, 0, 2.87%, 0, 0, 1, 611.95, 731826, 88, 0, 0
1300, 1224, 2, 4, 0, 0, 2.87%, 0, 0, 1, 597.81, 734920, 88, 0, 0
1306, 1229, 2, 4, 0, 0, 2.87%, 0, 0, 1, 596.25, 738020, 88, 0, 0
1311, 1235, 2, 4, 0, 0, 2.87%, 0, 0, 1, 603.21, 741114, 88, 0, 0
1316, 1240, 2, 4, 0, 0, 2.87%, 0, 0, 1, 600.83, 744220, 88, 0, 0
1321, 1245, 2, 4, 0, 0, 2.87%, 0, 0, 1, 598.00, 747220, 88, 0, 0
1326, 1250, 2, 4, 0, 0, 2.87%, 0, 0, 1, 602.82, 750214, 88, 0, 0
1331, 1255, 2, 4, 0, 0, 2.87%, 0, 0, 1, 588.43, 753165, 88, 0, 0
1336, 1260, 2, 4, 0, 0, 2.87%, 0, 0, 1, 592.75, 756131, 88, 0, 0
1341, 1265, 2, 4, 0, 0, 2.87%, 0, 0, 1, 564.28, 759076, 88, 0, 0
1347, 1269, 2, 4, 0, 0, 2.87%, 0, 0, 1, 569.69, 762042, 88, 0, 0
1352, 1274, 2, 4, 0, 0, 2.87%, 0, 0, 1, 546.93, 764794, 88, 0, 0
1357, 1279, 2, 4, 0, 0, 2.87%, 0, 0, 1, 545.89, 767594, 88, 0, 0
1362, 1283, 2, 4, 0, 0, 2.87%, 0, 0, 1, 554.83, 770376, 88, 0, 0
1367, 1288, 2, 4, 0, 0, 2.87%, 0, 0, 1, 572.26, 773431, 88, 0, 0
1372, 1293, 2, 4, 0, 0, 2.87%, 0, 0, 1, 551.69, 776209, 88, 0, 0
1377, 1298, 2, 4, 0, 0, 2.87%, 0, 0, 1, 549.50, 779044, 88, 0, 0
1382, 1302, 2, 4, 0, 0, 2.87%, 0, 0, 1, 549.13, 781794, 88, 0, 0
1387, 1307, 2, 4, 0, 0, 2.87%, 0, 0, 1, 551.24, 784654, 88, 0, 0
1393, 1312, 2, 4, 0, 0, 2.87%, 0, 0, 1, 544.88, 787454, 88, 0, 0
1398, 1317, 2, 4, 0, 0, 2.87%, 0, 0, 1, 558.98, 790353, 88, 0, 0
1403, 1322, 2, 4, 0, 0, 2.87%, 0, 0, 1, 577.31, 793353, 88, 0, 0
1408, 1327, 2, 4, 0, 0, 2.87%, 0, 0, 1, 565.08, 796320, 88, 0, 0
1413, 1332, 2, 4, 0, 0, 2.87%, 0, 0, 1, 597.22, 799387, 88, 0, 0
1418, 1337, 2, 4, 0, 0, 2.87%, 0, 0, 1, 600.76, 802366, 88, 0, 0
1423, 1341, 2, 4, 0, 0, 2.87%, 0, 0, 1, 558.46, 805154, 88, 0, 0
1428, 1346, 2, 4, 0, 0, 2.87%, 0, 0, 1, 598.49, 808165, 88, 0, 0
1434, 1351, 2, 4, 0, 0, 2.87%, 0, 0, 1, 586.15, 811209, 88, 0, 0
1439, 1356, 2, 4, 0, 0, 2.87%, 0, 0, 1, 600.57, 814242, 88, 0, 0
1444, 1361, 2, 4, 0, 0, 2.87%, 0, 0, 1, 598.73, 817250, 88, 0, 0
1449, 1367, 2, 4, 0, 0, 2.87%, 0, 0, 1, 603.46, 820378, 88, 0, 0
1454, 1372, 2, 4, 0, 0, 2.87%, 0, 0, 1, 595.91, 823342, 88, 0, 0
1459, 1377, 2, 4, 0, 0, 2.87%, 0, 0, 1, 588.27, 826398, 88, 0, 0
1464, 1382, 2, 4, 0, 0, 2.87%, 0, 0, 1, 607.84, 829538, 88, 0, 0
1469, 1387, 2, 4, 0, 0, 2.87%, 0, 0, 1, 615.90, 832726, 88, 0, 0
1474, 1392, 2, 4, 0, 0, 2.87%, 0, 0, 1, 616.70, 835814, 88, 0, 0
1479, 1398, 2, 4, 0, 0, 2.87%, 0, 0, 1, 604.72, 838938, 88, 0, 0
1485, 1403, 2, 4, 0, 0, 2.87%, 0, 0, 1, 598.80, 842050, 88, 0, 0
1490, 1408, 2, 4, 0, 0, 2.87%, 0, 0, 1, 589.01, 844987, 88, 0, 0
1495, 1413, 2, 4, 0, 0, 2.87%, 0, 0, 1, 594.38, 848109, 88, 0, 0
1500, 1418, 2, 4, 0, 0, 2.87%, 0, 0, 1, 589.44, 851187, 88, 0, 0
1505, 1423, 2, 4, 0, 0, 2.87%, 0, 0, 1, 554.81, 853942, 88, 0, 0
1510, 1428, 2, 4, 0, 0, 2.87%, 0, 0, 1, 593.54, 856920, 88, 0, 0
1515, 1433, 2, 4, 0, 0, 2.87%, 0, 0, 1, 603.77, 860090, 88, 0, 0
1521, 1438, 2, 4, 0, 0, 2.87%, 0, 0, 1, 592.27, 863098, 88, 0, 0
1526, 1443, 2, 4, 0, 0, 2.87%, 0, 0, 1, 606.70, 866138, 88, 0, 0
1531, 1448, 2, 4, 0, 0, 2.87%, 0, 0, 1, 598.03, 869087, 88, 0, 0
1536, 1453, 2, 4, 0, 0, 2.87%, 0, 0, 1, 585.97, 872053, 88, 0, 0
1541, 1458, 2, 4, 0, 0, 2.87%, 0, 0, 1, 552.84, 874876, 88, 0, 0
1546, 1462, 2, 4, 0, 0, 2.87%, 0, 0, 1, 578.27, 877853, 88, 0, 0
1551, 1467, 2, 4, 0, 0, 2.87%, 0, 0, 1, 555.83, 880665, 88, 0, 0
1556, 1472, 2, 4, 0, 0, 2.87%, 0, 0, 1, 549.68, 883474, 88, 0, 0
1561, 1477, 2, 4, 0, 0, 2.87%, 0, 0, 1, 550.00, 886334, 88, 0, 0
1566, 1481, 2, 4, 0, 0, 2.87%, 0, 0, 1, 560.37, 889209, 88, 0, 0
1571, 1486, 2, 4, 0, 0, 2.87%, 0, 0, 1, 578.99, 892209, 88, 0, 0
1577, 1491, 2, 4, 0, 0, 2.87%, 0, 0, 1, 552.23, 895020, 88, 0, 0
1582, 1496, 2, 4, 0, 0, 2.87%, 0, 0, 1, 568.16, 897831, 88, 0, 0
1587, 1500, 2, 4, 0, 0, 2.87%, 0, 0, 1, 547.43, 900534, 88, 0, 0
1592, 1505, 2, 4, 0, 0, 2.87%, 0, 0, 1, 545.49, 903364, 88, 0, 0
1597, 1510, 2, 4, 0, 0, 2.87%, 0, 0, 1, 546.73, 906204, 88, 0, 0
1602, 1514, 2, 4, 0, 0, 2.87%, 0, 0, 1, 544.44, 909004, 88, 0, 0
1607, 1519, 2, 4, 0, 0, 2.87%, 0, 0, 1, 567.30, 911898, 88, 0, 0
1613, 1524, 2, 4, 0, 0, 2.87%, 0, 0, 1, 559.03, 914809, 88, 0, 0
1618, 1529, 2, 4, 0, 0, 2.87%, 0, 0, 1, 546.25, 917554, 88, 0, 0
1623, 1534, 2, 4, 0, 0, 2.87%, 0, 0, 1, 599.14, 920620, 88, 0, 0
1628, 1539, 2, 4, 0, 0, 2.87%, 0, 0, 1, 591.40, 923709, 88, 0, 0
1633, 1544, 2, 4, 0, 0, 2.87%, 0, 0, 1, 581.90, 926653, 88, 0, 0
1638, 1549, 2, 4, 0, 0, 2.87%, 0, 0, 1, 596.93, 929720, 88, 0, 0
1643, 1554, 2, 4, 0, 0, 2.87%, 0, 0, 1, 589.17, 932665, 88, 0, 0
1648, 1559, 2, 4, 0, 0, 2.87%, 0, 0, 1, 610.02, 935826, 88, 0, 0
1653, 1564, 2, 4, 0, 0, 2.87%, 0, 0, 1, 615.71, 939026, 88, 0, 0
1659, 1570, 2, 4, 0, 0, 2.87%, 0, 0, 1, 615.36, 942214, 88, 0, 0
1664, 1575, 2, 4, 0, 0, 2.87%, 0, 0, 1, 618.05, 945414, 88, 0, 0
1669, 1580, 2, 4, 0, 0, 2.87%, 0, 0, 1, 608.82, 948538, 88, 0, 0
1674, 1585, 2, 4, 0, 0, 2.87%, 0, 0, 1, 617.73, 951650, 88, 0, 0
1679, 1591, 2, 4, 0, 0, 2.87%, 0, 0, 1, 618.12, 954866, 88, 0, 0
1684, 1596, 2, 4, 0, 0, 2.87%, 0, 0, 1, 611.34, 958002, 88, 0, 0
1689, 1601, 2, 4, 0, 0, 2.87%, 0, 0, 1, 591.14, 961021, 88, 0, 0
1695, 1605, 2, 4, 0, 0, 2.87%, 0, 0, 1, 474.94, 963327, 88, 0, 0
1700, 1609, 2, 4, 0, 0, 2.87%, 0, 0, 1, 506.92, 966015, 88, 0, 0
1705, 1614, 2, 4, 0, 0, 2.87%, 0, 0, 1, 531.76, 968685, 88, 0, 0
1710, 1619, 2, 4, 0, 0, 2.87%, 0, 0, 1, 568.24, 971588, 88, 0, 0
1715, 1624, 2, 4, 0, 0, 2.87%, 0, 0, 1, 577.59, 974510, 88, 0, 0
1720, 1628, 2, 4, 0, 0, 2.87%, 0, 0, 1, 567.74, 977354, 88, 0, 0
1725, 1633, 2, 4, 0, 0, 2.87%, 0, 0, 1, 561.57, 980188, 88, 0, 0
1730, 1638, 2, 4, 0, 0, 2.87%, 0, 0, 1, 551.83, 983032, 88, 0, 0
1735, 1643, 2, 4, 0, 0, 2.87%, 0, 0, 1, 568.26, 985932, 88, 0, 0
1740, 1647, 2, 4, 0, 0, 2.87%, 0, 0, 1, 569.40, 988832, 88, 0, 0
1745, 1652, 2, 4, 0, 0, 2.87%, 0, 0, 1, 557.35, 991654, 88, 0, 0
1750, 1657, 2, 4, 0, 0, 2.87%, 0, 0, 1, 551.54, 994510, 88, 0, 0
1756, 1662, 2, 4, 0, 0, 2.87%, 0, 0, 1, 560.46, 997354, 88, 0, 0
1761, 1666, 2, 4, 0, 0, 2.87%, 0, 0, 1, 558.62, 1000188, 88, 0, 0
1766, 1671, 2, 4, 0, 0, 2.87%, 0, 0, 1, 546.47, 1002935, 88, 0, 0
1771, 1676, 2, 4, 0, 0, 2.87%, 0, 0, 1, 561.99, 1005799, 88, 0, 0
1776, 1681, 2, 4, 0, 0, 2.87%, 0, 0, 1, 561.67, 1008699, 88, 0, 0
1781, 1685, 2, 4, 0, 0, 2.87%, 0, 0, 1, 563.30, 1011554, 88, 0, 0
1786, 1690, 2, 4, 0, 0, 2.87%, 0, 0, 1, 554.99, 1014343, 88, 0, 0
1791, 1695, 2, 4, 0, 0, 2.87%, 0, 0, 1, 537.22, 1017145, 88, 0, 0
1796, 1699, 2, 4, 0, 0, 2.87%, 0, 0, 1, 551.22, 1019910, 88, 0, 0
1800, 1702, 2, 4, 0, 0, 2.87%, 0, 0, 1, 563.89, 1021799, 88, 0, 0
