# relative_time, cycles_done, cur_item, corpus_count, pending_total, pending_favs, map_size, saved_crashes, saved_hangs, max_depth, execs_per_sec, total_execs, edges_found, total_crashes, servers_count
61, 55, 2, 4, 0, 0, 2.71%, 0, 0, 1, 504.74, 33652, 92, 0, 0
66, 60, 2, 4, 0, 0, 2.71%, 0, 0, 1, 513.34, 36252, 92, 0, 0
71, 65, 2, 4, 0, 0, 2.71%, 0, 0, 1, 561.49, 39152, 92, 0, 0
76, 69, 2, 4, 0, 0, 2.71%, 0, 0, 1, 512.89, 41813, 92, 0, 0
81, 74, 2, 4, 0, 0, 2.71%, 0, 0, 1, 554.72, 44641, 92, 0, 0
86, 78, 2, 4, 0, 0, 2.71%, 0, 0, 1, 524.14, 47243, 92, 0, 0
91, 82, 2, 4, 0, 0, 2.71%, 0, 0, 1, 454.39, 49534, 92, 0, 0
96, 87, 2, 4, 0, 0, 2.71%, 0, 0, 1, 534.86, 52333, 92, 0, 0
100, 90, 2, 4, 0, 0, 2.71%, 0, 0, 1, 550.76, 54153, 92, 0, 0
