# relative_time, cycles_done, cur_item, corpus_count, pending_total, pending_favs, map_size, saved_crashes, saved_hangs, max_depth, execs_per_sec, total_execs, edges_found, total_crashes, servers_count
61, 202, 2, 4, 0, 0, 0.37%, 0, 0, 1, 1955.15, 121831, 244, 0, 0
66, 219, 2, 4, 0, 0, 0.37%, 0, 0, 1, 1948.93, 131791, 244, 0, 0
71, 236, 2, 4, 0, 0, 0.37%, 0, 0, 1, 1944.68, 141729, 244, 0, 0
76, 252, 2, 4, 0, 0, 0.37%, 0, 0, 1, 1932.71, 151629, 244, 0, 0
81, 269, 2, 4, 0, 0, 0.37%, 0, 0, 1, 1928.07, 161529, 244, 0, 0
86, 285, 2, 4, 0, 0, 0.37%, 0, 0, 1, 1950.45, 171529, 244, 0, 0
91, 302, 2, 4, 0, 0, 0.37%, 0, 0, 1, 1961.20, 181531, 244, 0, 0
97, 319, 2, 4, 0, 0, 0.37%, 0, 0, 1, 1942.72, 191491, 244, 0, 0
102, 335, 2, 4, 0, 0, 0.37%, 0, 0, 1, 1935.77, 201391, 244, 0, 0
107, 352, 2, 4, 0, 0, 0.37%, 0, 0, 1, 1935.86, 211352, 244, 0, 0
112, 368, 2, 4, 0, 0, 0.37%, 0, 0, 1, 1928.49, 221291, 244, 0, 0
117, 385, 2, 4, 0, 0, 0.37%, 0, 0, 1, 1894.07, 231127, 244, 0, 0
122, 401, 2, 4, 0, 0, 0.37%, 0, 0, 1, 1875.68, 240690, 244, 0, 0
127, 416, 2, 4, 0, 0, 0.37%, 0, 0, 1, 1841.77, 249925, 244, 0, 0
132, 432, 2, 4, 0, 0, 0.37%, 0, 0, 1, 1850.32, 259390, 244, 0, 0
137, 448, 2, 4, 0, 0, 0.37%, 0, 0, 1, 1866.30, 268927, 244, 0, 0
143, 463, 2, 4, 0, 0, 0.37%, 0, 0, 1, 1866.43, 278427, 244, 0, 0
148, 479, 2, 4, 0, 0, 0.37%, 0, 0, 1, 1833.30, 287725, 244, 0, 0
153, 495, 2, 4, 0, 0, 0.37%, 0, 0, 1, 1859.95, 297252, 244, 0, 0
158, 510, 2, 4, 0, 0, 0.37%, 0, 0, 1, 1835.62, 306652, 244, 0, 0
163, 526, 2, 4, 0, 0, 0.37%, 0, 0, 1, 1858.88, 316190, 244, 0, 0
168, 542, 2, 4, 0, 0, 0.37%, 0, 0, 1, 1851.92, 325689, 244, 0, 0
173, 557, 2, 4, 0, 0, 0.37%, 0, 0, 1, 1812.60, 334752, 244, 0, 0
178, 573, 2, 4, 0, 0, 0.37%, 0, 0, 1, 1841.82, 344052, 244, 0, 0
183, 589, 2, 4, 0, 0, 0.37%, 0, 0, 1, 1867.27, 353627, 244, 0, 0
188, 605, 2, 4, 0, 0, 0.37%, 0, 0, 1, 1859.49, 363090, 244, 0, 0
193, 620, 2, 4, 0, 0, 0.37%, 0, 0, 1, 1827.45, 372490, 244, 0, 0
198, 636, 2, 4, 0, 0, 0.37%, 0, 0, 1, 1841.95, 381927, 244, 0, 0
204, 652, 2, 4, 0, 0, 0.37%, 0, 0, 1, 1874.15, 391527, 244, 0, 0
209, 668, 2, 4, 0, 0, 0.37%, 0, 0, 1, 1858.97, 401027, 244, 0, 0
214, 684, 2, 4, 0, 0, 0.37%, 0, 0, 1, 1868.53, 410590, 244, 0, 0
219, 699, 2, 4, 0, 0, 0.37%, 0, 0, 1, 1829.42, 419989, 244, 0, 0
224, 715, 2, 4, 0, 0, 0.37%, 0, 0, 1, 1835.44, 429225, 244, 0, 0
229, 731, 2, 4, 0, 0, 0.37%, 0, 0, 1, 1860.13, 438690, 244, 0, 0
234, 746, 2, 4, 0, 0, 0.37%, 0, 0, 1, 1844.61, 447989, 244, 0, 0
239, 762, 2, 4, 0, 0, 0.37%, 0, 0, 1, 1837.31, 457325, 244, 0, 0
244, 777, 2, 4, 0, 0, 0.37%, 0, 0, 1, 1850.32, 466653, 244, 0, 0
249, 793, 2, 4, 0, 0, 0.37%, 0, 0, 1, 1878.03, 476190, 244, 0, 0
254, 809, 2, 4, 0, 0, 0.37%, 0, 0, 1, 1865.97, 485590, 244, 0, 0
259, 824, 2, 4, 0, 0, 0.37%, 0, 0, 1, 1854.90, 494927, 244, 0, 0
264, 840, 2, 4, 0, 0, 0.37%, 0, 0, 1, 1857.77, 504327, 244, 0, 0
269, 855, 2, 4, 0, 0, 0.37%, 0, 0, 1, 1848.63, 513525, 244, 0, 0
275, 870, 2, 4, 0, 0, 0.37%, 0, 0, 1, 1796.73, 522652, 244, 0, 0
280, 886, 2, 4, 0, 0, 0.37%, 0, 0, 1, 1824.74, 532090, 244, 0, 0
285, 902, 2, 4, 0, 0, 0.37%, 0, 0, 1, 1841.42, 541489, 244, 0, 0
290, 917, 2, 4, 0, 0, 0.37%, 0, 0, 1, 1850.74, 550825, 244, 0, 0
295, 933, 2, 4, 0, 0, 0.37%, 0, 0, 1, 1832.04, 560125, 244, 0, 0
300, 949, 2, 4, 0, 0, 0.37%, 0, 0, 1, 1855.17, 569527, 244, 0, 0
305, 962, 2, 4, 0, 0, 0.37%, 0, 0, 1, 1575.13, 577815, 244, 0, 0
310, 973, 2, 4, 0, 0, 0.37%, 0, 0, 1, 1345.29, 584307, 244, 0, 0
315, 984, 2, 4, 0, 0, 0.37%, 0, 0, 1, 1349.97, 590953, 244, 0, 0
320, 1001, 2, 4, 0, 0, 0.37%, 0, 0, 1, 1802.41, 600924, 244, 0, 0
326, 1017, 2, 4, 0, 0, 0.37%, 0, 0, 1, 1853.23, 610690, 244, 0, 0
331, 1034, 2, 4, 0, 0, 0.37%, 0, 0, 1, 1915.56, 620630, 244, 0, 0
336, 1050, 2, 4, 0, 0, 0.37%, 0, 0, 1, 1928.43, 630630, 244, 0, 0
341, 1067, 2, 4, 0, 0, 0.37%, 0, 0, 1, 1921.88, 640530, 244, 0, 0
346, 1084, 2, 4, 0, 0, 0.37%, 0, 0, 1, 1917.14, 650492, 244, 0, 0
351, 1100, 2, 4, 0, 0, 0.37%, 0, 0, 1, 1866.92, 660091, 244, 0, 0
357, 1116, 2, 4, 0, 0, 0.37%, 0, 0, 1, 1919.68, 670092, 244, 0, 0
362, 1133, 2, 4, 0, 0, 0.37%, 0, 0, 1, 1934.31, 680030, 244, 0, 0
367, 1149, 2, 4, 0, 0, 0.37%, 0, 0, 1, 1929.69, 689992, 244, 0, 0
372, 1166, 2, 4, 0, 0, 0.37%, 0, 0, 1, 1899.75, 699828, 244, 0, 0
377, 1182, 2, 4, 0, 0, 0.37%, 0, 0, 1, 1858.15, 709591, 244, 0, 0
382, 1198, 2, 4, 0, 0, 0.37%, 0, 0, 1, 1901.87, 719092, 244, 0, 0
388, 1214, 2, 4, 0, 0, 0.37%, 0, 0, 1, 1921.86, 729030, 244, 0, 0
393, 1229, 2, 4, 0, 0, 0.37%, 0, 0, 1, 1796.37, 738054, 244, 0, 0
398, 1241, 2, 4, 0, 0, 0.37%, 0, 0, 1, 1416.08, 744736, 244, 0, 0
403, 1256, 2, 4, 0, 0, 0.37%, 0, 0, 1, 1713.88, 753921, 244, 0, 0
408, 1271, 2, 4, 0, 0, 0.37%, 0, 0, 1, 1799.29, 763125, 244, 0, 0
413, 1287, 2, 4, 0, 0, 0.37%, 0, 0, 1, 1812.26, 772354, 244, 0, 0
418, 1302, 2, 4, 0, 0, 0.37%, 0, 0, 1, 1835.51, 781691, 244, 0, 0
423, 1318, 2, 4, 0, 0, 0.37%, 0, 0, 1, 1871.48, 791292, 244, 0, 0
428, 1334, 2, 4, 0, 0, 0.37%, 0, 0, 1, 1877.02, 800829, 244, 0, 0
433, 1350, 2, 4, 0, 0, 0.37%, 0, 0, 1, 1873.17, 810292, 244, 0, 0
438, 1365, 2, 4, 0, 0, 0.37%, 0, 0, 1, 1836.95, 819654, 244, 0, 0
443, 1381, 2, 4, 0, 0, 0.37%, 0, 0, 1, 1872.34, 829192, 244, 0, 0
448, 1397, 2, 4, 0, 0, 0.37%, 0, 0, 1, 1880.33, 838729, 244, 0, 0
454, 1413, 2, 4, 0, 0, 0.37%, 0, 0, 1, 1886.05, 848229, 244, 0, 0
459, 1429, 2, 4, 0, 0, 0.37%, 0, 0, 1, 1870.33, 857629, 244, 0, 0
464, 1444, 2, 4, 0, 0, 0.37%, 0, 0, 1, 1838.19, 866927, 244, 0, 0
469, 1460, 2, 4, 0, 0, 0.37%, 0, 0, 1, 1859.64, 876329, 244, 0, 0
474, 1475, 2, 4, 0, 0, 0.37%, 0, 0, 1, 1844.97, 885627, 244, 0, 0
479, 1491, 2, 4, 0, 0, 0.37%, 0, 0, 1, 1847.30, 895054, 244, 0, 0
484, 1507, 2, 4, 0, 0, 0.37%, 0, 0, 1, 1861.18, 904554, 244, 0, 0
489, 1523, 2, 4, 0, 0, 0.37%, 0, 0, 1, 1849.48, 913892, 244, 0, 0
494, 1538, 2, 4, 0, 0, 0.37%, 0, 0, 1, 1846.14, 923254, 244, 0, 0
499, 1554, 2, 4, 0, 0, 0.37%, 0, 0, 1, 1866.52, 932754, 244, 0, 0
504, 1570, 2, 4, 0, 0, 0.37%, 0, 0, 1, 1880.98, 942229, 244, 0, 0
509, 1585, 2, 4, 0, 0, 0.37%, 0, 0, 1, 1858.51, 951554, 244, 0, 0
514, 1601, 2, 4, 0, 0, 0.37%, 0, 0, 1, 1862.90, 961129, 244, 0, 0
519, 1617, 2, 4, 0, 0, 0.37%, 0, 0, 1, 1846.34, 970327, 244, 0, 0
524, 1632, 2, 4, 0, 0, 0.37%, 0, 0, 1, 1864.42, 979754, 244, 0, 0
529, 1648, 2, 4, 0, 0, 0.37%, 0, 0, 1, 1861.14, 989192, 244, 0, 0
534, 1663, 2, 4, 0, 0, 0.37%, 0, 0, 1, 1834.98, 998291, 244, 0, 0
540, 1679, 2, 4, 0, 0, 0.37%, 0, 0, 1, 1860.86, 1007792, 244, 0, 0
545, 1695, 2, 4, 0, 0, 0.37%, 0, 0, 1, 1884.56, 1017329, 244, 0, 0
550, 1711, 2, 4, 0, 0, 0.37%, 0, 0, 1, 1875.94, 1026729, 244, 0, 0
555, 1726, 2, 4, 0, 0, 0.37%, 0, 0, 1, 1844.01, 1036091, 244, 0, 0
560, 1742, 2, 4, 0, 0, 0.37%, 0, 0, 1, 1875.33, 1045629, 244, 0, 0
565, 1758, 2, 4, 0, 0, 0.37%, 0, 0, 1, 1883.61, 1055229, 244, 0, 0
570, 1774, 2, 4, 0, 0, 0.37%, 0, 0, 1, 1873.49, 1064729, 244, 0, 0
575, 1790, 2, 4, 0, 0, 0.37%, 0, 0, 1, 1885.27, 1074229, 244, 0, 0
580, 1805, 2, 4, 0, 0, 0.37%, 0, 0, 1, 1827.91, 1083491, 244, 0, 0
585, 1821, 2, 4, 0, 0, 0.37%, 0, 0, 1, 1867.79, 1092992, 244, 0, 0
590, 1837, 2, 4, 0, 0, 0.37%, 0, 0, 1, 1875.42, 1102529, 244, 0, 0
595, 1852, 2, 4, 0, 0, 0.37%, 0, 0, 1, 1851.40, 1111792, 244, 0, 0
600, 1868, 2, 4, 0, 0, 0.37%, 0, 0, 1, 1869.70, 1121392, 244, 0, 0
605, 1884, 2, 4, 0, 0, 0.37%, 0, 0, 1, 1842.64, 1130727, 244, 0, 0
611, 1900, 2, 4, 0, 0, 0.37%, 0, 0, 1, 1873.69, 1140329, 244, 0, 0
616, 1916, 2, 4, 0, 0, 0.37%, 0, 0, 1, 1877.13, 1149829, 244, 0, 0
621, 1932, 2, 4, 0, 0, 0.37%, 0, 0, 1, 1877.20, 1159329, 244, 0, 0
626, 1947, 2, 4, 0, 0, 0.37%, 0, 0, 1, 1862.55, 1168729, 244, 0, 0
631, 1963, 2, 4, 0, 0, 0.37%, 0, 0, 1, 1854.67, 1178129, 244, 0, 0
636, 1979, 2, 4, 0, 0, 0.37%, 0, 0, 1, 1877.58, 1187629, 244, 0, 0
641, 1995, 2, 4, 0, 0, 0.37%, 0, 0, 1, 1879.43, 1197129, 244, 0, 0
646, 2010, 2, 4, 0, 0, 0.37%, 0, 0, 1, 1870.48, 1206629, 244, 0, 0
651, 2026, 2, 4, 0, 0, 0.37%, 0, 0, 1, 1825.05, 1215891, 244, 0, 0
656, 2041, 2, 4, 0, 0, 0.37%, 0, 0, 1, 1831.65, 1225127, 244, 0, 0
661, 2057, 2, 4, 0, 0, 0.37%, 0, 0, 1, 1848.94, 1234554, 244, 0, 0
666, 2073, 2, 4, 0, 0, 0.37%, 0, 0, 1, 1855.75, 1243892, 244, 0, 0
671, 2088, 2, 4, 0, 0, 0.37%, 0, 0, 1, 1868.76, 1253429, 244, 0, 0
676, 2104, 2, 4, 0, 0, 0.37%, 0, 0, 1, 1834.64, 1262727, 244, 0, 0
681, 2120, 2, 4, 0, 0, 0.37%, 0, 0, 1, 1857.35, 1272192, 244, 0, 0
687, 2136, 2, 4, 0, 0, 0.37%, 0, 0, 1, 1870.26, 1281729, 244, 0, 0
692, 2151, 2, 4, 0, 0, 0.37%, 0, 0, 1, 1867.68, 1291192, 244, 0, 0
697, 2166, 2, 4, 0, 0, 0.37%, 0, 0, 1, 1753.70, 1300154, 244, 0, 0
702, 2178, 2, 4, 0, 0, 0.37%, 0, 0, 1, 1451.24, 1307054, 244, 0, 0
707, 2189, 2, 4, 0, 0, 0.37%, 0, 0, 1, 1297.15, 1313554, 244, 0, 0
712, 2205, 2, 4, 0, 0, 0.37%, 0, 0, 1, 1779.56, 1323225, 244, 0, 0
717, 2221, 2, 4, 0, 0, 0.37%, 0, 0, 1, 1881.29, 1332992, 244, 0, 0
722, 2238, 2, 4, 0, 0, 0.37%, 0, 0, 1, 1930.50, 1342993, 244, 0, 0
727, 2254, 2, 4, 0, 0, 0.37%, 0, 0, 1, 1924.10, 1352931, 244, 0, 0
733, 2271, 2, 4, 0, 0, 0.37%, 0, 0, 1, 1904.36, 1362731, 244, 0, 0
738, 2287, 2, 4, 0, 0, 0.37%, 0, 0, 1, 1923.61, 1372731, 244, 0, 0
743, 2304, 2, 4, 0, 0, 0.37%, 0, 0, 1, 1925.49, 1382693, 244, 0, 0
748, 2320, 2, 4, 0, 0, 0.37%, 0, 0, 1, 1916.72, 1392593, 244, 0, 0
753, 2337, 2, 4, 0, 0, 0.37%, 0, 0, 1, 1894.91, 1402393, 244, 0, 0
758, 2353, 2, 4, 0, 0, 0.37%, 0, 0, 1, 1919.61, 1412393, 244, 0, 0
764, 2370, 2, 4, 0, 0, 0.37%, 0, 0, 1, 1924.35, 1422331, 244, 0, 0
769, 2387, 2, 4, 0, 0, 0.37%, 0, 0, 1, 1923.81, 1432293, 244, 0, 0
774, 2402, 2, 4, 0, 0, 0.37%, 0, 0, 1, 1875.52, 1441692, 244, 0, 0
779, 2419, 2, 4, 0, 0, 0.37%, 0, 0, 1, 1890.84, 1451492, 244, 0, 0
784, 2435, 2, 4, 0, 0, 0.37%, 0, 0, 1, 1922.49, 1461493, 244, 0, 0
789, 2452, 2, 4, 0, 0, 0.37%, 0, 0, 1, 1932.51, 1471493, 244, 0, 0
795, 2468, 2, 4, 0, 0, 0.37%, 0, 0, 1, 1929.55, 1481431, 244, 0, 0
800, 2485, 2, 4, 0, 0, 0.37%, 0, 0, 1, 1890.28, 1491229, 244, 0, 0
805, 2501, 2, 4, 0, 0, 0.37%, 0, 0, 1, 1907.04, 1501154, 244, 0, 0
810, 2518, 2, 4, 0, 0, 0.37%, 0, 0, 1, 1924.36, 1511131, 244, 0, 0
815, 2535, 2, 4, 0, 0, 0.37%, 0, 0, 1, 1933.35, 1521093, 244, 0, 0
820, 2551, 2, 4, 0, 0, 0.37%, 0, 0, 1, 1930.24, 1531093, 244, 0, 0
826, 2568, 2, 4, 0, 0, 0.37%, 0, 0, 1, 1914.85, 1540931, 244, 0, 0
831, 2584, 2, 4, 0, 0, 0.37%, 0, 0, 1, 1907.68, 1550831, 244, 0, 0
836, 2600, 2, 4, 0, 0, 0.37%, 0, 0, 1, 1902.54, 1560654, 244, 0, 0
841, 2617, 2, 4, 0, 0, 0.37%, 0, 0, 1, 1920.08, 1570531, 244, 0, 0
846, 2632, 2, 4, 0, 0, 0.37%, 0, 0, 1, 1706.71, 1579289, 244, 0, 0
851, 2646, 2, 4, 0, 0, 0.37%, 0, 0, 1, 1796.74, 1588054, 244, 0, 0
856, 2663, 2, 4, 0, 0, 0.37%, 0, 0, 1, 1906.35, 1598031, 244, 0, 0
861, 2679, 2, 4, 0, 0, 0.37%, 0, 0, 1, 1920.70, 1607993, 244, 0, 0
867, 2696, 2, 4, 0, 0, 0.37%, 0, 0, 1, 1924.46, 1617993, 244, 0, 0
872, 2712, 2, 4, 0, 0, 0.37%, 0, 0, 1, 1915.03, 1627793, 244, 0, 0
877, 2729, 2, 4, 0, 0, 0.37%, 0, 0, 1, 1923.83, 1637731, 244, 0, 0
882, 2746, 2, 4, 0, 0, 0.37%, 0, 0, 1, 1921.96, 1647693, 244, 0, 0
887, 2762, 2, 4, 0, 0, 0.37%, 0, 0, 1, 1919.21, 1657631, 244, 0, 0
892, 2778, 2, 4, 0, 0, 0.37%, 0, 0, 1, 1887.82, 1667392, 244, 0, 0
898, 2795, 2, 4, 0, 0, 0.37%, 0, 0, 1, 1907.62, 1677131, 244, 0, 0
903, 2810, 2, 4, 0, 0, 0.37%, 0, 0, 1, 1823.75, 1686327, 244, 0, 0
908, 2826, 2, 4, 0, 0, 0.37%, 0, 0, 1, 1894.38, 1695929, 244, 0, 0
913, 2843, 2, 4, 0, 0, 0.37%, 0, 0, 1, 1911.83, 1705893, 244, 0, 0
918, 2858, 2, 4, 0, 0, 0.37%, 0, 0, 1, 1869.86, 1715229, 244, 0, 0
923, 2874, 2, 4, 0, 0, 0.37%, 0, 0, 1, 1900.85, 1725029, 244, 0, 0
928, 2891, 2, 4, 0, 0, 0.37%, 0, 0, 1, 1927.82, 1735031, 244, 0, 0
933, 2908, 2, 4, 0, 0, 0.37%, 0, 0, 1, 1926.56, 1744993, 244, 0, 0
939, 2924, 2, 4, 0, 0, 0.37%, 0, 0, 1, 1897.42, 1754893, 244, 0, 0
944, 2941, 2, 4, 0, 0, 0.37%, 0, 0, 1, 1901.41, 1764793, 244, 0, 0
949, 2957, 2, 4, 0, 0, 0.37%, 0, 0, 1, 1911.46, 1774693, 244, 0, 0
954, 2974, 2, 4, 0, 0, 0.37%, 0, 0, 1, 1925.79, 1784631, 244, 0, 0
959, 2990, 2, 4, 0, 0, 0.37%, 0, 0, 1, 1887.91, 1794492, 244, 0, 0
964, 3007, 2, 4, 0, 0, 0.37%, 0, 0, 1, 1904.17, 1804331, 244, 0, 0
970, 3023, 2, 4, 0, 0, 0.37%, 0, 0, 1, 1923.90, 1814231, 244, 0, 0
975, 3040, 2, 4, 0, 0, 0.37%, 0, 0, 1, 1935.77, 1824231, 244, 0, 0
980, 3056, 2, 4, 0, 0, 0.37%, 0, 0, 1, 1928.04, 1834193, 244, 0, 0
985, 3073, 2, 4, 0, 0, 0.37%, 0, 0, 1, 1894.15, 1844054, 244, 0, 0
990, 3089, 2, 4, 0, 0, 0.37%, 0, 0, 1, 1924.66, 1854031, 244, 0, 0
995, 3106, 2, 4, 0, 0, 0.37%, 0, 0, 1, 1914.59, 1863931, 244, 0, 0
1001, 3122, 2, 4, 0, 0, 0.37%, 0, 0, 1, 1924.74, 1873854, 244, 0, 0
1006, 3139, 2, 4, 0, 0, 0.37%, 0, 0, 1, 1930.37, 1883793, 244, 0, 0
1011, 3155, 2, 4, 0, 0, 0.37%, 0, 0, 1, 1895.37, 1893592, 244, 0, 0
1016, 3172, 2, 4, 0, 0, 0.37%, 0, 0, 1, 1911.46, 1903531, 244, 0, 0
1021, 3188, 2, 4, 0, 0, 0.37%, 0, 0, 1, 1876.72, 1913354, 244, 0, 0
1027, 3205, 2, 4, 0, 0, 0.37%, 0, 0, 1, 1904.09, 1923292, 244, 0, 0
1032, 3221, 2, 4, 0, 0, 0.37%, 0, 0, 1, 1883.40, 1933129, 244, 0, 0
1037, 3238, 2, 4, 0, 0, 0.37%, 0, 0, 1, 1907.94, 1943054, 244, 0, 0
1042, 3254, 2, 4, 0, 0, 0.37%, 0, 0, 1, 1919.70, 1953031, 244, 0, 0
1047, 3271, 2, 4, 0, 0, 0.37%, 0, 0, 1, 1920.00, 1962993, 244, 0, 0
1052, 3288, 2, 4, 0, 0, 0.37%, 0, 0, 1, 1930.46, 1972993, 244, 0, 0
1058, 3304, 2, 4, 0, 0, 0.37%, 0, 0, 1, 1907.35, 1982793, 244, 0, 0
1063, 3321, 2, 4, 0, 0, 0.37%, 0, 0, 1, 1921.09, 1992731, 244, 0, 0
1068, 3337, 2, 4, 0, 0, 0.37%, 0, 0, 1, 1920.84, 2002693, 244, 0, 0
1073, 3354, 2, 4, 0, 0, 0.37%, 0, 0, 1, 1931.35, 2012631, 244, 0, 0
1078, 3370, 2, 4, 0, 0, 0.37%, 0, 0, 1, 1872.45, 2022329, 244, 0, 0
1083, 3386, 2, 4, 0, 0, 0.37%, 0, 0, 1, 1870.54, 2032092, 244, 0, 0
1089, 3403, 2, 4, 0, 0, 0.37%, 0, 0, 1, 1917.22, 2042031, 244, 0, 0
1094, 3419, 2, 4, 0, 0, 0.37%, 0, 0, 1, 1929.96, 2051993, 244, 0, 0
1099, 3436, 2, 4, 0, 0, 0.37%, 0, 0, 1, 1926.95, 2061931, 244, 0, 0
1104, 3452, 2, 4, 0, 0, 0.37%, 0, 0, 1, 1913.38, 2071731, 244, 0, 0
1109, 3469, 2, 4, 0, 0, 0.37%, 0, 0, 1, 1907.29, 2081654, 244, 0, 0
1114, 3485, 2, 4, 0, 0, 0.37%, 0, 0, 1, 1933.77, 2091654, 244, 0, 0
1120, 3502, 2, 4, 0, 0, 0.37%, 0, 0, 1, 1931.45, 2101631, 244, 0, 0
1125, 3518, 2, 4, 0, 0, 0.37%, 0, 0, 1, 1890.65, 2111454, 244, 0, 0
1130, 3535, 2, 4, 0, 0, 0.37%, 0, 0, 1, 1922.80, 2121431, 244, 0, 0
1135, 3552, 2, 4, 0, 0, 0.37%, 0, 0, 1, 1927.96, 2131431, 244, 0, 0
1140, 3568, 2, 4, 0, 0, 0.37%, 0, 0, 1, 1898.57, 2140929, 244, 0, 0
1145, 3583, 2, 4, 0, 0, 0.37%, 0, 0, 1, 1873.66, 2150329, 244, 0, 0
1150, 3599, 2, 4, 0, 0, 0.37%, 0, 0, 1, 1873.76, 2159729, 244, 0, 0
1155, 3616, 2, 4, 0, 0, 0.37%, 0, 0, 1, 1917.97, 2169731, 244, 0, 0
1161, 3632, 2, 4, 0, 0, 0.37%, 0, 0, 1, 1904.48, 2179654, 244, 0, 0
1166, 3649, 2, 4, 0, 0, 0.37%, 0, 0, 1, 1929.27, 2189631, 244, 0, 0
1171, 3665, 2, 4, 0, 0, 0.37%, 0, 0, 1, 1887.30, 2199429, 244, 0, 0
1176, 3682, 2, 4, 0, 0, 0.37%, 0, 0, 1, 1916.34, 2209331, 244, 0, 0
1181, 3698, 2, 4, 0, 0, 0.37%, 0, 0, 1, 1923.08, 2219231, 244, 0, 0
1186, 3715, 2, 4, 0, 0, 0.37%, 0, 0, 1, 1908.38, 2229131, 244, 0, 0
1192, 3731, 2, 4, 0, 0, 0.37%, 0, 0, 1, 1913.16, 2239054, 244, 0, 0
1197, 3748, 2, 4, 0, 0, 0.37%, 0, 0, 1, 1894.07, 2248893, 244, 0, 0
1202, 3764, 2, 4, 0, 0, 0.37%, 0, 0, 1, 1917.03, 2258893, 244, 0, 0
1207, 3780, 2, 4, 0, 0, 0.37%, 0, 0, 1, 1902.79, 2268393, 244, 0, 0
1212, 3797, 2, 4, 0, 0, 0.37%, 0, 0, 1, 1921.83, 2278393, 244, 0, 0
1217, 3813, 2, 4, 0, 0, 0.37%, 0, 0, 1, 1880.10, 2288192, 244, 0, 0
1223, 3830, 2, 4, 0, 0, 0.37%, 0, 0, 1, 1906.56, 2298131, 244, 0, 0
1228, 3846, 2, 4, 0, 0, 0.37%, 0, 0, 1, 1914.70, 2308093, 244, 0, 0
1233, 3863, 2, 4, 0, 0, 0.37%, 0, 0, 1, 1929.08, 2318093, 244, 0, 0
1238, 3879, 2, 4, 0, 0, 0.37%, 0, 0, 1, 1917.00, 2328031, 244, 0, 0
1243, 3895, 2, 4, 0, 0, 0.37%, 0, 0, 1, 1872.08, 2337392, 244, 0, 0
1248, 3912, 2, 4, 0, 0, 0.37%, 0, 0, 1, 1900.90, 2347329, 244, 0, 0
1253, 3928, 2, 4, 0, 0, 0.37%, 0, 0, 1, 1916.43, 2357293, 244, 0, 0
1259, 3945, 2, 4, 0, 0, 0.37%, 0, 0, 1, 1913.75, 2367231, 244, 0, 0
1264, 3961, 2, 4, 0, 0, 0.37%, 0, 0, 1, 1846.41, 2376955, 244, 0, 0
1269, 3977, 2, 4, 0, 0, 0.37%, 0, 0, 1, 1895.56, 2386854, 244, 0, 0
1274, 3994, 2, 4, 0, 0, 0.37%, 0, 0, 1, 1896.32, 2396692, 244, 0, 0
1279, 4011, 2, 4, 0, 0, 0.37%, 0, 0, 1, 1918.23, 2406693, 244, 0, 0
1284, 4027, 2, 4, 0, 0, 0.37%, 0, 0, 1, 1918.45, 2416293, 244, 0, 0
1290, 4043, 2, 4, 0, 0, 0.37%, 0, 0, 1, 1899.97, 2426129, 244, 0, 0
1295, 4060, 2, 4, 0, 0, 0.37%, 0, 0, 1, 1920.83, 2436131, 244, 0, 0
1300, 4076, 2, 4, 0, 0, 0.37%, 0, 0, 1, 1920.04, 2446093, 244, 0, 0
1305, 4093, 2, 4, 0, 0, 0.37%, 0, 0, 1, 1915.95, 2456031, 244, 0, 0
1310, 4109, 2, 4, 0, 0, 0.37%, 0, 0, 1, 1878.80, 2465829, 244, 0, 0
1315, 4125, 2, 4, 0, 0, 0.37%, 0, 0, 1, 1909.01, 2475431, 244, 0, 0
1321, 4142, 2, 4, 0, 0, 0.37%, 0, 0, 1, 1918.33, 2485393, 244, 0, 0
1326, 4158, 2, 4, 0, 0, 0.37%, 0, 0, 1, 1866.39, 2495092, 244, 0, 0
1331, 4174, 2, 4, 0, 0, 0.37%, 0, 0, 1, 1909.59, 2505031, 244, 0, 0
1336, 4190, 2, 4, 0, 0, 0.37%, 0, 0, 1, 1829.52, 2514591, 244, 0, 0
1341, 4207, 2, 4, 0, 0, 0.37%, 0, 0, 1, 1898.07, 2524531, 244, 0, 0
1347, 4224, 2, 4, 0, 0, 0.37%, 0, 0, 1, 1916.63, 2534531, 244, 0, 0
1352, 4240, 2, 4, 0, 0, 0.37%, 0, 0, 1, 1917.82, 2544493, 244, 0, 0
1357, 4256, 2, 4, 0, 0, 0.37%, 0, 0, 1, 1870.87, 2553892, 244, 0, 0
1362, 4272, 2, 4, 0, 0, 0.37%, 0, 0, 1, 1909.75, 2563831, 244, 0, 0
1367, 4289, 2, 4, 0, 0, 0.37%, 0, 0, 1, 1915.26, 2573731, 244, 0, 0
1372, 4305, 2, 4, 0, 0, 0.37%, 0, 0, 1, 1903.60, 2583593, 244, 0, 0
1377, 4321, 2, 4, 0, 0, 0.37%, 0, 0, 1, 1875.76, 2593154, 244, 0, 0
1383, 4338, 2, 4, 0, 0, 0.37%, 0, 0, 1, 1886.41, 2602929, 244, 0, 0
1388, 4353, 2, 4, 0, 0, 0.37%, 0, 0, 1, 1892.77, 2612329, 244, 0, 0
1393, 4370, 2, 4, 0, 0, 0.37%, 0, 0, 1, 1902.36, 2622231, 244, 0, 0
1398, 4386, 2, 4, 0, 0, 0.37%, 0, 0, 1, 1909.02, 2631793, 244, 0, 0
1403, 4402, 2, 4, 0, 0, 0.37%, 0, 0, 1, 1882.55, 2641631, 244, 0, 0
1408, 4418, 2, 4, 0, 0, 0.37%, 0, 0, 1, 1893.07, 2651429, 244, 0, 0
1413, 4435, 2, 4, 0, 0, 0.37%, 0, 0, 1, 1902.01, 2661329, 244, 0, 0
1418, 4451, 2, 4, 0, 0, 0.37%, 0, 0, 1, 1914.82, 2670931, 244, 0, 0
1424, 4468, 2, 4, 0, 0, 0.37%, 0, 0, 1, 1920.21, 2680893, 244, 0, 0
1429, 4484, 2, 4, 0, 0, 0.37%, 0, 0, 1, 1881.48, 2690629, 244, 0, 0
1434, 4500, 2, 4, 0, 0, 0.37%, 0, 0, 1, 1907.00, 2700554, 244, 0, 0
1439, 4517, 2, 4, 0, 0, 0.37%, 0, 0, 1, 1917.24, 2710493, 244, 0, 0
1444, 4532, 2, 4, 0, 0, 0.37%, 0, 0, 1, 1786.63, 2719854, 244, 0, 0
1450, 4549, 2, 4, 0, 0, 0.37%, 0, 0, 1, 1866.53, 2729729, 244, 0, 0
1455, 4564, 2, 4, 0, 0, 0.37%, 0, 0, 1, 1812.79, 2738927, 244, 0, 0
1460, 4581, 2, 4, 0, 0, 0.37%, 0, 0, 1, 1907.48, 2748931, 244, 0, 0
1465, 4598, 2, 4, 0, 0, 0.37%, 0, 0, 1, 1913.42, 2758893, 244, 0, 0
1470, 4614, 2, 4, 0, 0, 0.37%, 0, 0, 1, 1925.79, 2768831, 244, 0, 0
1475, 4630, 2, 4, 0, 0, 0.37%, 0, 0, 1, 1899.71, 2778629, 244, 0, 0
1480, 4647, 2, 4, 0, 0, 0.37%, 0, 0, 1, 1916.76, 2788554, 244, 0, 0
1486, 4664, 2, 4, 0, 0, 0.37%, 0, 0, 1, 1920.15, 2798531, 244, 0, 0
1491, 4680, 2, 4, 0, 0, 0.37%, 0, 0, 1, 1918.27, 2808431, 244, 0, 0
1496, 4696, 2, 4, 0, 0, 0.37%, 0, 0, 1, 1903.45, 2817893, 244, 0, 0
1501, 4712, 2, 4, 0, 0, 0.37%, 0, 0, 1, 1904.09, 2827631, 244, 0, 0
1506, 4728, 2, 4, 0, 0, 0.37%, 0, 0, 1, 1886.46, 2837029, 244, 0, 0
1511, 4744, 2, 4, 0, 0, 0.37%, 0, 0, 1, 1918.47, 2847031, 244, 0, 0
1516, 4761, 2, 4, 0, 0, 0.37%, 0, 0, 1, 1918.71, 2856993, 244, 0, 0
1522, 4777, 2, 4, 0, 0, 0.37%, 0, 0, 1, 1893.88, 2866792, 244, 0, 0
1527, 4794, 2, 4, 0, 0, 0.37%, 0, 0, 1, 1918.11, 2876793, 244, 0, 0
1532, 4810, 2, 4, 0, 0, 0.37%, 0, 0, 1, 1914.61, 2886393, 244, 0, 0
1537, 4826, 2, 4, 0, 0, 0.37%, 0, 0, 1, 1908.99, 2895993, 244, 0, 0
1542, 4843, 2, 4, 0, 0, 0.37%, 0, 0, 1, 1890.86, 2905893, 244, 0, 0
1547, 4858, 2, 4, 0, 0, 0.37%, 0, 0, 1, 1905.48, 2915431, 244, 0, 0
1552, 4874, 2, 4, 0, 0, 0.37%, 0, 0, 1, 1836.50, 2924627, 244, 0, 0
1557, 4890, 2, 4, 0, 0, 0.37%, 0, 0, 1, 1895.66, 2934529, 244, 0, 0
1562, 4906, 2, 4, 0, 0, 0.37%, 0, 0, 1, 1909.80, 2944131, 244, 0, 0
1567, 4922, 2, 4, 0, 0, 0.37%, 0, 0, 1, 1870.55, 2953392, 244, 0, 0
1572, 4938, 2, 4, 0, 0, 0.37%, 0, 0, 1, 1903.16, 2962931, 244, 0, 0
1577, 4953, 2, 4, 0, 0, 0.37%, 0, 0, 1, 1827.40, 2972127, 244, 0, 0
1582, 4968, 2, 4, 0, 0, 0.37%, 0, 0, 1, 1819.09, 2981427, 244, 0, 0
1588, 4985, 2, 4, 0, 0, 0.37%, 0, 0, 1, 1891.87, 2991254, 244, 0, 0
1593, 5000, 2, 4, 0, 0, 0.37%, 0, 0, 1, 1836.83, 3000327, 244, 0, 0
1598, 5015, 2, 4, 0, 0, 0.37%, 0, 0, 1, 1842.82, 3009527, 244, 0, 0
1603, 5031, 2, 4, 0, 0, 0.37%, 0, 0, 1, 1831.51, 3019091, 244, 0, 0
1608, 5048, 2, 4, 0, 0, 0.37%, 0, 0, 1, 1891.30, 3029029, 244, 0, 0
1613, 5063, 2, 4, 0, 0, 0.37%, 0, 0, 1, 1808.85, 3038425, 244, 0, 0
1618, 5079, 2, 4, 0, 0, 0.37%, 0, 0, 1, 1892.75, 3048029, 244, 0, 0
1623, 5095, 2, 4, 0, 0, 0.37%, 0, 0, 1, 1868.07, 3057329, 244, 0, 0
1628, 5111, 2, 4, 0, 0, 0.37%, 0, 0, 1, 1890.74, 3066729, 244, 0, 0
1633, 5127, 2, 4, 0, 0, 0.37%, 0, 0, 1, 1900.73, 3076292, 244, 0, 0
1638, 5143, 2, 4, 0, 0, 0.37%, 0, 0, 1, 1903.22, 3086131, 244, 0, 0
1644, 5159, 2, 4, 0, 0, 0.37%, 0, 0, 1, 1913.26, 3096031, 244, 0, 0
1649, 5175, 2, 4, 0, 0, 0.37%, 0, 0, 1, 1877.55, 3105229, 244, 0, 0
1654, 5191, 2, 4, 0, 0, 0.37%, 0, 0, 1, 1902.68, 3115131, 244, 0, 0
1659, 5206, 2, 4, 0, 0, 0.37%, 0, 0, 1, 1819.81, 3124155, 244, 0, 0
1664, 5223, 2, 4, 0, 0, 0.37%, 0, 0, 1, 1900.30, 3134054, 244, 0, 0
1669, 5239, 2, 4, 0, 0, 0.37%, 0, 0, 1, 1912.33, 3144031, 244, 0, 0
1674, 5256, 2, 4, 0, 0, 0.37%, 0, 0, 1, 1915.77, 3153954, 244, 0, 0
1680, 5273, 2, 4, 0, 0, 0.37%, 0, 0, 1, 1914.70, 3163893, 244, 0, 0
1685, 5289, 2, 4, 0, 0, 0.37%, 0, 0, 1, 1854.30, 3173529, 244, 0, 0
1690, 5305, 2, 4, 0, 0, 0.37%, 0, 0, 1, 1911.37, 3183531, 244, 0, 0
1695, 5322, 2, 4, 0, 0, 0.37%, 0, 0, 1, 1919.92, 3193493, 244, 0, 0
1700, 5338, 2, 4, 0, 0, 0.37%, 0, 0, 1, 1918.39, 3203393, 244, 0, 0
1705, 5355, 2, 4, 0, 0, 0.37%, 0, 0, 1, 1883.53, 3213129, 244, 0, 0
1711, 5371, 2, 4, 0, 0, 0.37%, 0, 0, 1, 1915.23, 3223093, 244, 0, 0
1716, 5388, 2, 4, 0, 0, 0.37%, 0, 0, 1, 1917.75, 3233031, 244, 0, 0
1721, 5404, 2, 4, 0, 0, 0.37%, 0, 0, 1, 1915.59, 3242631, 244, 0, 0
1726, 5420, 2, 4, 0, 0, 0.37%, 0, 0, 1, 1910.69, 3252193, 244, 0, 0
1731, 5435, 2, 4, 0, 0, 0.37%, 0, 0, 1, 1894.03, 3261592, 244, 0, 0
1736, 5452, 2, 4, 0, 0, 0.37%, 0, 0, 1, 1884.14, 3271429, 244, 0, 0
1741, 5468, 2, 4, 0, 0, 0.37%, 0, 0, 1, 1896.81, 3281329, 244, 0, 0
1746, 5485, 2, 4, 0, 0, 0.37%, 0, 0, 1, 1883.21, 3291129, 244, 0, 0
1751, 5500, 2, 4, 0, 0, 0.37%, 0, 0, 1, 1872.56, 3300592, 244, 0, 0
1757, 5516, 2, 4, 0, 0, 0.37%, 0, 0, 1, 1899.16, 3310129, 244, 0, 0
1762, 5532, 2, 4, 0, 0, 0.37%, 0, 0, 1, 1909.98, 3319731, 244, 0, 0
1767, 5549, 2, 4, 0, 0, 0.37%, 0, 0, 1, 1915.03, 3329631, 244, 0, 0
1772, 5565, 2, 4, 0, 0, 0.37%, 0, 0, 1, 1914.50, 3339593, 244, 0, 0
1777, 5581, 2, 4, 0, 0, 0.37%, 0, 0, 1, 1897.57, 3349029, 244, 0, 0
1782, 5597, 2, 4, 0, 0, 0.37%, 0, 0, 1, 1909.73, 3358593, 244, 0, 0
1787, 5613, 2, 4, 0, 0, 0.37%, 0, 0, 1, 1897.12, 3368129, 244, 0, 0
1792, 5629, 2, 4, 0, 0, 0.37%, 0, 0, 1, 1906.50, 3378031, 244, 0, 0
1797, 5645, 2, 4, 0, 0, 0.37%, 0, 0, 1, 1857.74, 3387254, 244, 0, 0
1800, 5652, 2, 4, 0, 0, 0.37%, 0, 0, 1, 1832.10, 3391591, 244, 0, 0
