# relative_time, cycles_done, cur_item, corpus_count, pending_total, pending_favs, map_size, saved_crashes, saved_hangs, max_depth, execs_per_sec, total_execs, edges_found, total_crashes, servers_count
61, 0, 2, 158, 157, 54, 21.30%, 0, 0, 2, 388.39, 24987, 661, 0, 0
67, 0, 2, 163, 162, 54, 21.36%, 0, 0, 2, 448.71, 27332, 663, 0, 0
72, 0, 2, 165, 164, 54, 21.42%, 0, 0, 2, 461.64, 29621, 665, 0, 0
77, 0, 2, 166, 165, 54, 21.46%, 0, 0, 2, 435.90, 31824, 666, 0, 0
82, 0, 2, 169, 168, 54, 21.78%, 0, 0, 2, 423.79, 33982, 676, 0, 0
87, 0, 2, 170, 169, 54, 21.78%, 0, 0, 2, 454.72, 36361, 676, 0, 0
92, 0, 2, 175, 174, 54, 21.97%, 0, 0, 2, 330.77, 38256, 682, 0, 0
97, 0, 2, 179, 178, 54, 22.00%, 0, 0, 2, 417.97, 40396, 683, 0, 0
102, 0, 2, 180, 179, 54, 22.07%, 0, 0, 2, 412.48, 42499, 685, 0, 0
107, 0, 2, 185, 184, 54, 22.10%, 0, 0, 2, 447.36, 44846, 686, 0, 0
112, 0, 2, 187, 186, 54, 22.10%, 0, 0, 2, 438.79, 47028, 686, 0, 0
117, 0, 2, 188, 187, 54, 22.39%, 0, 0, 2, 418.82, 49075, 695, 0, 0
122, 0, 2, 191, 190, 54, 22.39%, 0, 0, 2, 16.74, 50872, 695, 0, 0
128, 0, 2, 192, 191, 54, 22.39%, 0, 0, 2, 371.59, 53071, 695, 0, 0
133, 0, 2, 196, 195, 54, 22.55%, 0, 0, 2, 411.61, 55243, 700, 0, 0
138, 0, 2, 197, 196, 54, 22.55%, 0, 0, 2, 448.62, 57458, 700, 0, 0
143, 0, 2, 198, 197, 54, 22.58%, 0, 0, 2, 474.23, 59894, 701, 0, 0
148, 0, 2, 198, 197, 54, 22.58%, 0, 0, 2, 414.20, 61905, 701, 0, 0
153, 0, 2, 198, 197, 54, 22.58%, 0, 0, 2, 424.99, 64081, 701, 0, 0
158, 0, 2, 199, 198, 54, 22.62%, 0, 0, 2, 446.52, 65920, 702, 0, 0
163, 0, 2, 200, 199, 54, 22.68%, 0, 0, 2, 452.20, 68215, 704, 0, 0
170, 0, 153, 203, 199, 80, 22.68%, 0, 0, 3, 426.47, 70670, 704, 0, 0
175, 0, 28, 205, 196, 75, 22.68%, 0, 0, 3, 430.45, 72863, 704, 0, 0
180, 0, 29, 205, 195, 74, 22.68%, 0, 0, 3, 409.09, 75278, 704, 0, 0
185, 0, 41, 205, 192, 71, 22.68%, 0, 0, 3, 384.56, 77508, 704, 0, 0
191, 0, 45, 206, 192, 70, 22.68%, 0, 0, 3, 377.61, 79459, 704, 0, 0
196, 0, 58, 206, 188, 66, 22.68%, 0, 0, 3, 413.68, 81632, 704, 0, 0
201, 0, 199, 206, 181, 58, 22.68%, 0, 0, 3, 351.40, 83249, 704, 0, 0
206, 0, 80, 209, 180, 54, 22.68%, 0, 0, 3, 413.18, 85367, 704, 0, 0
212, 0, 89, 209, 176, 50, 22.68%, 0, 0, 3, 403.95, 87503, 704, 0, 0
217, 0, 180, 212, 173, 44, 22.68%, 0, 0, 3, 391.54, 89554, 704, 0, 0
222, 0, 104, 240, 200, 45, 22.84%, 0, 0, 3, 394.91, 91314, 709, 0, 0
227, 0, 121, 242, 199, 43, 22.87%, 0, 0, 3, 421.91, 93462, 710, 0, 0
234, 0, 141, 242, 191, 35, 22.87%, 0, 0, 3, 447.11, 96231, 710, 0, 0
239, 0, 161, 244, 182, 26, 22.87%, 0, 0, 3, 444.02, 98426, 710, 0, 0
244, 0, 176, 246, 174, 16, 22.87%, 0, 0, 3, 449.35, 100652, 710, 0, 0
249, 0, 187, 250, 175, 13, 22.87%, 0, 0, 3, 395.98, 102617, 710, 0, 0
255, 0, 187, 253, 178, 13, 22.87%, 0, 0, 3, 19.83, 105027, 710, 0, 0
260, 0, 187, 254, 179, 13, 22.87%, 0, 0, 3, 459.66, 107266, 710, 0, 0
265, 0, 187, 254, 179, 13, 22.87%, 0, 0, 3, 434.51, 109405, 710, 0, 0
270, 0, 187, 254, 179, 13, 22.87%, 0, 0, 3, 381.78, 111228, 710, 0, 0
275, 0, 187, 255, 180, 13, 22.91%, 0, 0, 3, 358.88, 112999, 711, 0, 0
280, 0, 187, 255, 180, 13, 22.91%, 0, 0, 3, 363.97, 114889, 711, 0, 0
287, 0, 200, 259, 181, 14, 22.97%, 0, 0, 3, 383.73, 117544, 713, 0, 0
292, 0, 215, 262, 181, 12, 22.97%, 0, 0, 4, 306.56, 119242, 713, 0, 0
297, 0, 233, 267, 183, 9, 22.97%, 0, 0, 4, 368.82, 121381, 713, 0, 0
302, 0, 259, 268, 178, 3, 22.97%, 0, 0, 4, 385.90, 123407, 713, 0, 0
307, 0, 138, 269, 174, 0, 22.97%, 0, 0, 4, 421.87, 125598, 713, 0, 0
312, 0, 100, 269, 173, 0, 22.97%, 0, 0, 4, 453.86, 127807, 713, 0, 0
318, 0, 62, 272, 175, 0, 22.97%, 0, 0, 4, 436.41, 129987, 713, 0, 0
323, 0, 47, 272, 172, 0, 22.97%, 0, 0, 4, 361.81, 131706, 713, 0, 0
328, 0, 151, 273, 170, 0, 22.97%, 0, 0, 4, 439.80, 134056, 713, 0, 0
333, 0, 193, 273, 168, 0, 22.97%, 0, 0, 4, 459.59, 136373, 713, 0, 0
338, 0, 104, 274, 166, 0, 23.03%, 0, 0, 4, 451.54, 138536, 715, 0, 0
343, 0, 104, 281, 173, 0, 23.16%, 0, 0, 4, 408.64, 140608, 719, 0, 0
348, 0, 104, 281, 173, 0, 23.16%, 0, 0, 4, 417.26, 142713, 719, 0, 0
354, 0, 104, 284, 176, 0, 23.26%, 0, 0, 4, 83.18, 144870, 722, 0, 0
359, 0, 104, 286, 178, 0, 23.32%, 0, 0, 4, 441.46, 147036, 724, 0, 0
364, 0, 104, 287, 179, 0, 23.36%, 0, 0, 4, 391.16, 148958, 725, 0, 0
369, 0, 104, 288, 180, 0, 23.39%, 0, 0, 4, 423.88, 151154, 726, 0, 0
375, 0, 283, 289, 180, 7, 23.42%, 0, 0, 4, 452.46, 153668, 727, 0, 0
380, 0, 288, 289, 173, 1, 23.42%, 0, 0, 4, 398.05, 155662, 727, 0, 0
385, 0, 181, 292, 172, 0, 23.52%, 0, 0, 4, 419.65, 157860, 730, 0, 0
390, 0, 178, 292, 169, 0, 23.52%, 0, 0, 4, 444.18, 159649, 730, 0, 0
395, 0, 115, 292, 168, 0, 23.52%, 0, 0, 4, 426.13, 161685, 730, 0, 0
401, 0, 168, 295, 169, 0, 23.55%, 0, 0, 4, 468.16, 163992, 731, 0, 0
406, 0, 33, 296, 167, 0, 23.55%, 0, 0, 4, 408.08, 166019, 731, 0, 0
411, 0, 106, 296, 165, 0, 23.55%, 0, 0, 4, 439.41, 168256, 731, 0, 0
416, 0, 181, 296, 162, 0, 23.55%, 0, 0, 4, 404.42, 170525, 731, 0, 0
421, 1, 280, 297, 159, 0, 23.55%, 0, 0, 4, 457.38, 172242, 731, 0, 0
426, 1, 49, 297, 154, 0, 23.55%, 0, 0, 4, 457.48, 174494, 731, 0, 0
431, 1, 259, 297, 148, 0, 23.55%, 0, 0, 4, 427.37, 176606, 731, 0, 0
437, 1, 131, 297, 146, 0, 23.55%, 0, 0, 4, 425.08, 179282, 731, 0, 0
442, 1, 115, 297, 141, 0, 23.55%, 0, 0, 4, 435.14, 181364, 731, 0, 0
447, 1, 150, 299, 139, 0, 23.55%, 0, 0, 4, 444.47, 183504, 731, 0, 0
452, 1, 147, 300, 135, 0, 23.58%, 0, 0, 4, 470.40, 185975, 732, 0, 0
457, 1, 142, 300, 133, 0, 23.58%, 0, 0, 4, 453.73, 187686, 732, 0, 0
463, 1, 179, 300, 127, 0, 23.58%, 0, 0, 4, 459.23, 189981, 732, 0, 0
468, 1, 80, 300, 123, 0, 23.58%, 0, 0, 4, 395.26, 191923, 732, 0, 0
473, 1, 230, 301, 122, 0, 23.58%, 0, 0, 4, 406.12, 194049, 732, 0, 0
478, 1, 262, 302, 120, 0, 23.58%, 0, 0, 4, 407.98, 195943, 732, 0, 0
483, 1, 262, 306, 124, 0, 23.58%, 0, 0, 5, 385.42, 197802, 732, 0, 0
488, 1, 262, 308, 126, 0, 23.58%, 0, 0, 5, 382.99, 199363, 732, 0, 0
493, 1, 262, 312, 130, 0, 23.58%, 0, 0, 5, 352.29, 201092, 732, 0, 0
498, 1, 262, 315, 133, 0, 23.58%, 0, 0, 5, 346.61, 202890, 732, 0, 0
503, 1, 262, 315, 133, 0, 23.58%, 0, 0, 5, 383.78, 205082, 732, 0, 0
508, 1, 31, 315, 131, 0, 23.58%, 0, 0, 5, 440.61, 207386, 732, 0, 0
513, 1, 19, 315, 125, 0, 23.58%, 0, 0, 5, 416.58, 209363, 732, 0, 0
519, 1, 101, 316, 124, 0, 23.58%, 0, 0, 5, 377.37, 211248, 732, 0, 0
524, 1, 60, 317, 122, 0, 23.58%, 0, 0, 5, 360.29, 212728, 732, 0, 0
529, 1, 315, 320, 122, 0, 23.58%, 0, 0, 5, 378.67, 214636, 732, 0, 0
534, 1, 315, 322, 124, 0, 23.58%, 0, 0, 5, 375.70, 216533, 732, 0, 0
539, 1, 315, 322, 124, 0, 23.58%, 0, 0, 5, 360.59, 218353, 732, 0, 0
544, 1, 315, 323, 125, 0, 23.58%, 0, 0, 5, 392.68, 220236, 732, 0, 0
549, 1, 315, 323, 125, 0, 23.58%, 0, 0, 5, 404.28, 222282, 732, 0, 0
554, 1, 315, 323, 125, 0, 23.58%, 0, 0, 5, 491.33, 224187, 732, 0, 0
559, 1, 315, 324, 126, 0, 23.68%, 0, 0, 5, 377.21, 226011, 735, 0, 0
564, 1, 323, 330, 131, 1, 23.71%, 0, 0, 6, 433.59, 228279, 736, 0, 0
569, 1, 323, 335, 136, 1, 24.42%, 0, 0, 6, 400.87, 230261, 758, 0, 0
574, 1, 323, 335, 136, 1, 24.42%, 0, 0, 6, 400.72, 232214, 758, 0, 0
580, 1, 323, 335, 136, 1, 24.42%, 0, 0, 6, 409.86, 234251, 758, 0, 0
585, 1, 323, 336, 137, 1, 24.42%, 0, 0, 6, 423.34, 236370, 758, 0, 0
590, 1, 323, 336, 137, 1, 24.42%, 0, 0, 6, 379.32, 237864, 758, 0, 0
595, 1, 323, 336, 137, 1, 24.42%, 0, 0, 6, 362.83, 239712, 758, 0, 0
601, 1, 329, 336, 136, 3, 24.42%, 0, 0, 6, 373.59, 242163, 758, 0, 0
606, 1, 335, 344, 142, 2, 24.42%, 0, 0, 7, 382.81, 244591, 758, 0, 0
611, 1, 337, 357, 154, 1, 25.10%, 0, 0, 8, 410.20, 246641, 779, 0, 0
616, 1, 337, 359, 156, 1, 25.10%, 0, 0, 8, 408.30, 248701, 779, 0, 0
621, 1, 356, 362, 158, 3, 25.10%, 0, 0, 9, 367.52, 250316, 779, 0, 0
627, 1, 356, 381, 177, 3, 25.10%, 0, 0, 9, 376.55, 252256, 779, 0, 0
632, 1, 356, 383, 179, 3, 25.10%, 0, 0, 9, 379.57, 254237, 779, 0, 0
637, 1, 356, 384, 180, 3, 25.10%, 0, 0, 9, 388.65, 256148, 779, 0, 0
642, 1, 356, 388, 184, 3, 25.71%, 0, 0, 9, 385.01, 257961, 798, 0, 0
647, 1, 356, 388, 184, 3, 25.71%, 0, 0, 9, 358.65, 259795, 798, 0, 0
652, 1, 356, 391, 187, 3, 25.71%, 0, 0, 9, 72.23, 261538, 798, 0, 0
658, 1, 357, 394, 189, 5, 25.71%, 0, 0, 9, 433.60, 264270, 798, 0, 0
663, 1, 102, 398, 192, 4, 25.71%, 0, 0, 9, 398.34, 266223, 798, 0, 0
669, 1, 384, 412, 204, 2, 25.71%, 0, 0, 10, 382.92, 268259, 798, 0, 0
674, 1, 384, 426, 218, 2, 25.71%, 0, 0, 10, 368.12, 270179, 798, 0, 0
679, 1, 384, 427, 219, 2, 25.71%, 0, 0, 10, 396.96, 272160, 798, 0, 0
684, 1, 358, 431, 222, 2, 25.71%, 0, 0, 10, 420.33, 274386, 798, 0, 0
689, 1, 358, 435, 226, 2, 25.71%, 0, 0, 10, 414.36, 276110, 798, 0, 0
694, 1, 358, 436, 227, 2, 25.71%, 0, 0, 10, 391.91, 278085, 798, 0, 0
699, 1, 358, 436, 227, 2, 25.71%, 0, 0, 10, 410.14, 280221, 798, 0, 0
704, 1, 358, 436, 227, 2, 25.71%, 0, 0, 10, 441.57, 282413, 798, 0, 0
709, 1, 412, 437, 227, 4, 25.71%, 0, 0, 11, 434.78, 284820, 798, 0, 0
715, 1, 435, 437, 223, 1, 25.71%, 0, 0, 11, 421.77, 286942, 798, 0, 0
720, 1, 264, 437, 220, 0, 25.71%, 0, 0, 11, 398.05, 288641, 798, 0, 0
725, 1, 338, 438, 217, 0, 25.71%, 0, 0, 11, 398.07, 290738, 798, 0, 0
730, 1, 356, 439, 215, 0, 25.71%, 0, 0, 11, 428.91, 292969, 798, 0, 0
735, 1, 356, 440, 216, 0, 25.71%, 0, 0, 11, 425.62, 295042, 798, 0, 0
740, 1, 71, 440, 216, 0, 25.71%, 0, 0, 11, 414.04, 297119, 798, 0, 0
745, 1, 418, 441, 214, 0, 25.71%, 0, 0, 11, 417.61, 299217, 798, 0, 0
750, 1, 257, 441, 210, 0, 25.71%, 0, 0, 11, 416.42, 301344, 798, 0, 0
755, 1, 374, 442, 209, 0, 25.71%, 0, 0, 11, 403.94, 303010, 798, 0, 0
760, 1, 56, 442, 206, 0, 25.71%, 0, 0, 11, 395.90, 305217, 798, 0, 0
765, 1, 23, 442, 200, 0, 25.71%, 0, 0, 11, 447.63, 307452, 798, 0, 0
770, 1, 89, 442, 197, 0, 25.71%, 0, 0, 11, 392.25, 309364, 798, 0, 0
775, 1, 414, 443, 194, 0, 25.81%, 0, 0, 11, 396.14, 311334, 801, 0, 0
780, 1, 436, 445, 195, 0, 25.81%, 0, 0, 12, 415.71, 313368, 801, 0, 0
786, 1, 436, 446, 196, 0, 25.81%, 0, 0, 12, 391.08, 314910, 801, 0, 0
791, 1, 120, 446, 192, 0, 25.81%, 0, 0, 12, 408.41, 316943, 801, 0, 0
796, 1, 377, 449, 194, 0, 25.81%, 0, 0, 12, 399.87, 318996, 801, 0, 0
801, 1, 377, 451, 196, 0, 25.81%, 0, 0, 12, 390.89, 320936, 801, 0, 0
806, 1, 377, 451, 196, 0, 25.81%, 0, 0, 12, 374.24, 322805, 801, 0, 0
811, 1, 377, 453, 198, 0, 25.81%, 0, 0, 12, 373.87, 324625, 801, 0, 0
816, 1, 377, 453, 198, 0, 25.81%, 0, 0, 12, 382.47, 326585, 801, 0, 0
823, 1, 435, 453, 197, 0, 25.81%, 0, 0, 12, 358.90, 328933, 801, 0, 0
828, 1, 153, 454, 195, 0, 25.81%, 0, 0, 12, 441.10, 331313, 801, 0, 0
833, 1, 412, 454, 192, 0, 25.81%, 0, 0, 12, 400.19, 333322, 801, 0, 0
838, 1, 153, 454, 190, 0, 25.81%, 0, 0, 12, 378.62, 335304, 801, 0, 0
844, 1, 260, 454, 187, 0, 25.81%, 0, 0, 12, 390.21, 337292, 801, 0, 0
849, 1, 125, 455, 184, 0, 25.81%, 0, 0, 12, 416.76, 339371, 801, 0, 0
854, 1, 207, 455, 181, 0, 25.81%, 0, 0, 12, 401.15, 340913, 801, 0, 0
859, 1, 243, 455, 178, 0, 25.81%, 0, 0, 12, 376.74, 342820, 801, 0, 0
864, 1, 349, 456, 176, 0, 25.81%, 0, 0, 12, 391.99, 344844, 801, 0, 0
869, 1, 80, 457, 174, 0, 25.81%, 0, 0, 12, 416.28, 346963, 801, 0, 0
874, 1, 450, 457, 171, 0, 25.81%, 0, 0, 12, 442.24, 349132, 801, 0, 0
879, 1, 316, 458, 170, 0, 25.81%, 0, 0, 12, 415.40, 351234, 801, 0, 0
884, 1, 89, 458, 167, 0, 25.81%, 0, 0, 12, 18.48, 353008, 801, 0, 0
890, 1, 341, 458, 164, 0, 25.81%, 0, 0, 12, 361.37, 355204, 801, 0, 0
895, 1, 15, 458, 160, 0, 25.81%, 0, 0, 12, 394.52, 357237, 801, 0, 0
900, 1, 335, 460, 161, 0, 25.81%, 0, 0, 12, 426.47, 359258, 801, 0, 0
905, 1, 441, 460, 159, 0, 25.81%, 0, 0, 12, 371.25, 361067, 801, 0, 0
910, 1, 190, 461, 158, 0, 25.81%, 0, 0, 12, 366.25, 363039, 801, 0, 0
917, 1, 236, 461, 154, 0, 25.81%, 0, 0, 12, 361.52, 365551, 801, 0, 0
922, 1, 388, 462, 151, 0, 25.81%, 0, 0, 12, 386.53, 367538, 801, 0, 0
927, 1, 289, 462, 149, 0, 25.81%, 0, 0, 12, 393.47, 369583, 801, 0, 0
933, 1, 328, 462, 145, 0, 25.81%, 0, 0, 12, 415.33, 371613, 801, 0, 0
938, 1, 265, 462, 141, 0, 25.81%, 0, 0, 12, 423.85, 373724, 801, 0, 0
943, 1, 396, 462, 140, 0, 25.81%, 0, 0, 12, 378.99, 375540, 801, 0, 0
948, 1, 448, 465, 141, 0, 25.81%, 0, 0, 12, 346.39, 377402, 801, 0, 0
953, 1, 173, 465, 140, 0, 25.81%, 0, 0, 12, 400.85, 379173, 801, 0, 0
958, 2, 409, 465, 137, 0, 25.81%, 0, 0, 12, 387.77, 381147, 801, 0, 0
963, 2, 430, 466, 137, 0, 25.81%, 0, 0, 12, 382.48, 383009, 801, 0, 0
968, 2, 176, 467, 134, 0, 25.84%, 0, 0, 12, 382.71, 384947, 802, 0, 0
973, 2, 437, 467, 132, 0, 25.84%, 0, 0, 12, 415.81, 387065, 802, 0, 0
978, 2, 180, 468, 129, 0, 25.84%, 0, 0, 12, 432.54, 389246, 802, 0, 0
984, 2, 368, 468, 128, 0, 25.84%, 0, 0, 12, 41.15, 391062, 802, 0, 0
989, 2, 41, 469, 125, 0, 25.84%, 0, 0, 12, 449.41, 393251, 802, 0, 0
994, 2, 422, 469, 122, 0, 25.84%, 0, 0, 12, 381.74, 395117, 802, 0, 0
999, 2, 17, 470, 121, 0, 25.84%, 0, 0, 12, 402.82, 397298, 802, 0, 0
1004, 2, 470, 471, 120, 1, 25.87%, 0, 0, 12, 426.74, 399356, 803, 0, 0
1009, 2, 435, 473, 118, 0, 25.87%, 0, 0, 12, 426.09, 401435, 803, 0, 0
1014, 2, 412, 473, 116, 0, 25.87%, 0, 0, 12, 423.06, 403609, 803, 0, 0
1019, 2, 416, 474, 116, 0, 25.90%, 0, 0, 12, 385.09, 405218, 804, 0, 0
1024, 2, 267, 475, 116, 0, 25.90%, 0, 0, 12, 392.84, 407249, 804, 0, 0
1029, 2, 30, 475, 112, 0, 25.90%, 0, 0, 12, 429.86, 409516, 804, 0, 0
1034, 2, 412, 476, 108, 0, 25.90%, 0, 0, 12, 433.64, 411661, 804, 0, 0
1040, 2, 419, 479, 110, 0, 26.10%, 0, 0, 12, 373.82, 413548, 810, 0, 0
1045, 2, 149, 480, 110, 0, 26.10%, 0, 0, 12, 378.97, 415656, 810, 0, 0
1050, 2, 358, 480, 108, 0, 26.10%, 0, 0, 12, 56.00, 417223, 810, 0, 0
1055, 2, 454, 481, 106, 0, 26.10%, 0, 0, 12, 446.87, 419442, 810, 0, 0
1060, 2, 391, 481, 101, 0, 26.10%, 0, 0, 12, 445.56, 421662, 810, 0, 0
1065, 2, 274, 485, 104, 0, 26.13%, 0, 0, 12, 384.19, 423707, 811, 0, 0
1070, 2, 274, 489, 108, 0, 26.16%, 0, 0, 12, 395.26, 425738, 812, 0, 0
1075, 2, 274, 490, 109, 0, 26.19%, 0, 0, 12, 406.03, 427775, 813, 0, 0
1081, 2, 274, 490, 109, 0, 26.19%, 0, 0, 12, 389.60, 429798, 813, 0, 0
1086, 2, 274, 492, 111, 0, 26.26%, 0, 0, 12, 356.37, 431509, 815, 0, 0
1091, 2, 274, 492, 111, 0, 26.26%, 0, 0, 12, 420.27, 433677, 815, 0, 0
1096, 2, 274, 492, 111, 0, 26.26%, 0, 0, 12, 353.39, 435397, 815, 0, 0
1103, 2, 483, 493, 112, 6, 26.26%, 0, 0, 12, 412.77, 438446, 815, 0, 0
1108, 2, 489, 493, 110, 4, 26.26%, 0, 0, 12, 369.43, 440315, 815, 0, 0
1113, 2, 491, 494, 108, 2, 26.29%, 0, 0, 12, 412.62, 442522, 816, 0, 0
1118, 2, 447, 494, 106, 0, 26.29%, 0, 0, 12, 465.13, 444388, 816, 0, 0
1124, 2, 365, 494, 104, 0, 26.29%, 0, 0, 12, 429.07, 446895, 816, 0, 0
1129, 2, 478, 495, 103, 0, 26.29%, 0, 0, 12, 397.92, 448743, 816, 0, 0
1134, 2, 479, 496, 102, 0, 26.29%, 0, 0, 12, 426.19, 450881, 816, 0, 0
1139, 2, 490, 496, 101, 0, 26.29%, 0, 0, 12, 373.22, 452766, 816, 0, 0
1144, 2, 451, 497, 101, 0, 26.29%, 0, 0, 12, 429.40, 454857, 816, 0, 0
1149, 2, 419, 497, 97, 0, 26.29%, 0, 0, 12, 56.22, 456809, 816, 0, 0
1154, 2, 217, 497, 96, 0, 26.29%, 0, 0, 12, 456.36, 459004, 816, 0, 0
1159, 2, 86, 498, 94, 0, 26.29%, 0, 0, 12, 439.18, 461131, 816, 0, 0
1165, 2, 431, 498, 93, 0, 26.29%, 0, 0, 12, 371.37, 463010, 816, 0, 0
1170, 2, 488, 498, 92, 0, 26.29%, 0, 0, 12, 408.09, 465153, 816, 0, 0
1175, 2, 460, 500, 94, 0, 26.29%, 0, 0, 12, 404.49, 467201, 816, 0, 0
1180, 2, 240, 506, 99, 0, 26.29%, 0, 0, 12, 400.40, 469202, 816, 0, 0
1185, 2, 480, 506, 99, 0, 26.29%, 0, 0, 12, 452.35, 471161, 816, 0, 0
1190, 2, 367, 506, 95, 0, 26.29%, 0, 0, 12, 453.99, 473284, 816, 0, 0
1195, 2, 494, 506, 93, 0, 26.29%, 0, 0, 12, 478.86, 475755, 816, 0, 0
1201, 2, 69, 507, 91, 0, 26.29%, 0, 0, 12, 471.36, 478167, 816, 0, 0
1206, 2, 406, 507, 91, 0, 26.29%, 0, 0, 12, 432.42, 480155, 816, 0, 0
1211, 2, 0, 507, 89, 0, 26.29%, 0, 0, 12, 429.70, 482267, 816, 0, 0
1216, 2, 459, 508, 87, 0, 26.29%, 0, 0, 12, 429.57, 483824, 816, 0, 0
1221, 2, 500, 509, 85, 0, 26.29%, 0, 0, 12, 382.12, 485677, 816, 0, 0
1226, 2, 509, 510, 84, 1, 26.32%, 0, 0, 12, 379.31, 487676, 817, 0, 0
1231, 2, 197, 511, 83, 0, 26.32%, 0, 0, 12, 410.46, 489694, 817, 0, 0
1236, 2, 512, 513, 82, 1, 26.35%, 0, 0, 12, 453.30, 491913, 818, 0, 0
1241, 2, 430, 514, 81, 0, 26.35%, 0, 0, 12, 402.59, 493938, 818, 0, 0
1246, 2, 505, 514, 78, 0, 26.35%, 0, 0, 12, 408.52, 496131, 818, 0, 0
1252, 2, 141, 514, 77, 0, 26.35%, 0, 0, 12, 387.17, 497942, 818, 0, 0
1257, 2, 41, 514, 77, 0, 26.35%, 0, 0, 12, 417.68, 500140, 818, 0, 0
1262, 2, 111, 514, 75, 0, 26.35%, 0, 0, 12, 404.34, 502200, 818, 0, 0
1267, 2, 472, 515, 76, 0, 26.35%, 0, 0, 12, 450.98, 504457, 818, 0, 0
1272, 2, 472, 515, 76, 0, 26.35%, 0, 0, 12, 362.22, 506266, 818, 0, 0
1277, 2, 493, 515, 73, 0, 26.35%, 0, 0, 12, 388.29, 508273, 818, 0, 0
1282, 2, 379, 515, 72, 0, 26.35%, 0, 0, 12, 395.81, 510025, 818, 0, 0
1287, 2, 496, 519, 76, 0, 26.35%, 0, 0, 12, 399.27, 511956, 818, 0, 0
1292, 2, 496, 520, 77, 0, 26.35%, 0, 0, 12, 408.39, 514008, 818, 0, 0
1297, 2, 496, 520, 77, 0, 26.35%, 0, 0, 12, 446.01, 516200, 818, 0, 0
1302, 2, 496, 520, 77, 0, 26.35%, 0, 0, 12, 381.23, 518123, 818, 0, 0
1308, 2, 519, 520, 77, 0, 26.35%, 0, 0, 12, 432.33, 520639, 818, 0, 0
1313, 2, 508, 520, 76, 0, 26.35%, 0, 0, 12, 463.63, 522842, 818, 0, 0
1318, 3, 432, 520, 73, 0, 26.35%, 0, 0, 12, 454.42, 524709, 818, 0, 0
1323, 3, 109, 520, 72, 0, 26.35%, 0, 0, 12, 426.60, 526848, 818, 0, 0
1330, 3, 42, 520, 68, 0, 26.35%, 0, 0, 12, 416.70, 529733, 818, 0, 0
1335, 3, 335, 520, 65, 0, 26.35%, 0, 0, 12, 431.77, 531924, 818, 0, 0
1341, 3, 425, 522, 66, 0, 26.35%, 0, 0, 13, 390.04, 533850, 818, 0, 0
1346, 3, 468, 522, 64, 0, 26.35%, 0, 0, 13, 406.65, 535892, 818, 0, 0
1351, 3, 520, 522, 63, 0, 26.35%, 0, 0, 13, 441.19, 537509, 818, 0, 0
1356, 3, 184, 522, 61, 0, 26.35%, 0, 0, 13, 385.01, 539419, 818, 0, 0
1361, 3, 366, 522, 59, 0, 26.35%, 0, 0, 13, 406.51, 541574, 818, 0, 0
1366, 3, 396, 522, 57, 0, 26.35%, 0, 0, 13, 432.52, 543821, 818, 0, 0
1371, 3, 305, 522, 57, 0, 26.35%, 0, 0, 13, 399.57, 545842, 818, 0, 0
1376, 3, 133, 522, 56, 0, 26.35%, 0, 0, 13, 398.80, 547856, 818, 0, 0
1381, 3, 491, 522, 55, 0, 26.35%, 0, 0, 13, 189.05, 549530, 818, 0, 0
1387, 3, 378, 522, 55, 0, 26.35%, 0, 0, 13, 385.87, 551861, 818, 0, 0
1392, 3, 134, 524, 56, 0, 26.35%, 0, 0, 13, 418.77, 554071, 818, 0, 0
1397, 3, 514, 525, 56, 0, 26.35%, 0, 0, 13, 429.19, 556182, 818, 0, 0
1402, 3, 523, 526, 55, 0, 26.35%, 0, 0, 13, 380.85, 558093, 818, 0, 0
1407, 3, 151, 526, 54, 0, 26.35%, 0, 0, 13, 415.36, 560246, 818, 0, 0
1412, 3, 346, 528, 56, 0, 26.35%, 0, 0, 13, 463.34, 562493, 818, 0, 0
1417, 3, 433, 528, 54, 0, 26.35%, 0, 0, 13, 498.37, 564492, 818, 0, 0
1422, 3, 441, 528, 53, 0, 26.35%, 0, 0, 13, 451.75, 566691, 818, 0, 0
1427, 3, 198, 529, 53, 0, 26.35%, 0, 0, 13, 438.32, 568730, 818, 0, 0
1432, 3, 310, 529, 53, 0, 26.35%, 0, 0, 13, 407.65, 570827, 818, 0, 0
1437, 3, 289, 532, 55, 0, 26.35%, 0, 0, 13, 392.37, 572786, 818, 0, 0
1442, 3, 531, 532, 55, 0, 26.35%, 0, 0, 13, 401.24, 574881, 818, 0, 0
1447, 3, 528, 532, 54, 0, 26.35%, 0, 0, 13, 17.35, 576670, 818, 0, 0
1453, 3, 528, 532, 54, 0, 26.35%, 0, 0, 13, 388.56, 578995, 818, 0, 0
1458, 3, 528, 537, 59, 0, 26.39%, 0, 0, 13, 374.76, 580787, 819, 0, 0
1463, 3, 528, 539, 61, 0, 26.39%, 0, 0, 13, 350.02, 582530, 819, 0, 0
1468, 3, 528, 541, 63, 0, 26.39%, 0, 0, 13, 364.02, 584483, 819, 0, 0
1473, 3, 528, 542, 64, 0, 26.39%, 0, 0, 13, 346.84, 586235, 819, 0, 0
1478, 3, 528, 542, 64, 0, 26.39%, 0, 0, 13, 346.93, 587981, 819, 0, 0
1483, 3, 534, 542, 63, 1, 26.39%, 0, 0, 13, 360.06, 589435, 819, 0, 0
1489, 3, 535, 543, 63, 0, 26.39%, 0, 0, 13, 413.22, 591398, 819, 0, 0
1495, 3, 535, 543, 63, 0, 26.39%, 0, 0, 13, 405.67, 593724, 819, 0, 0
1500, 3, 415, 543, 62, 0, 26.39%, 0, 0, 13, 419.70, 595873, 819, 0, 0
1505, 3, 541, 543, 60, 0, 26.39%, 0, 0, 13, 434.26, 598120, 819, 0, 0
1512, 3, 92, 543, 59, 0, 26.39%, 0, 0, 13, 408.74, 600526, 819, 0, 0
1517, 3, 335, 543, 59, 0, 26.39%, 0, 0, 13, 396.65, 602251, 819, 0, 0
1522, 3, 542, 543, 58, 0, 26.39%, 0, 0, 13, 410.75, 604331, 819, 0, 0
1527, 3, 525, 544, 58, 0, 26.39%, 0, 0, 13, 416.32, 606318, 819, 0, 0
1532, 3, 37, 544, 57, 0, 26.39%, 0, 0, 13, 397.38, 608206, 819, 0, 0
1537, 3, 149, 544, 55, 0, 26.39%, 0, 0, 13, 415.38, 610477, 819, 0, 0
1542, 3, 533, 544, 55, 0, 26.39%, 0, 0, 13, 415.82, 612561, 819, 0, 0
1547, 3, 132, 544, 53, 0, 26.39%, 0, 0, 13, 455.39, 614258, 819, 0, 0
1553, 3, 498, 544, 53, 0, 26.39%, 0, 0, 13, 418.31, 616583, 819, 0, 0
1558, 3, 47, 545, 52, 0, 26.39%, 0, 0, 13, 366.14, 618467, 819, 0, 0
1564, 3, 66, 546, 51, 0, 26.45%, 0, 0, 13, 432.34, 620801, 821, 0, 0
1569, 3, 111, 546, 50, 0, 26.45%, 0, 0, 13, 387.34, 622721, 821, 0, 0
1574, 3, 58, 546, 50, 0, 26.45%, 0, 0, 13, 384.31, 624881, 821, 0, 0
1580, 3, 298, 546, 48, 0, 26.45%, 0, 0, 13, 36.27, 626763, 821, 0, 0
1585, 3, 537, 546, 47, 0, 26.45%, 0, 0, 13, 387.57, 628718, 821, 0, 0
1590, 3, 69, 546, 46, 0, 26.45%, 0, 0, 13, 410.16, 630799, 821, 0, 0
1595, 3, 41, 546, 46, 0, 26.45%, 0, 0, 13, 414.94, 633088, 821, 0, 0
1601, 3, 540, 546, 45, 0, 26.45%, 0, 0, 13, 387.36, 635099, 821, 0, 0
1606, 3, 483, 546, 44, 0, 26.45%, 0, 0, 13, 397.10, 637196, 821, 0, 0
1611, 3, 251, 546, 43, 0, 26.45%, 0, 0, 13, 435.53, 639423, 821, 0, 0
1616, 3, 526, 548, 44, 0, 26.45%, 0, 0, 13, 434.55, 641229, 821, 0, 0
1621, 3, 375, 550, 44, 0, 26.45%, 0, 0, 13, 416.07, 643227, 821, 0, 0
1626, 3, 543, 552, 46, 0, 26.45%, 0, 0, 13, 405.20, 645218, 821, 0, 0
1631, 3, 58, 553, 46, 0, 26.45%, 0, 0, 13, 426.39, 647470, 821, 0, 0
1636, 3, 435, 553, 46, 0, 26.45%, 0, 0, 13, 418.70, 649529, 821, 0, 0
1641, 3, 417, 553, 45, 0, 26.45%, 0, 0, 13, 408.75, 651526, 821, 0, 0
1646, 3, 347, 553, 44, 0, 26.45%, 0, 0, 13, 58.99, 653069, 821, 0, 0
1651, 4, 471, 554, 44, 0, 26.45%, 0, 0, 13, 386.50, 655026, 821, 0, 0
1656, 4, 496, 555, 44, 0, 26.45%, 0, 0, 13, 390.32, 657184, 821, 0, 0
1662, 4, 554, 555, 43, 0, 26.45%, 0, 0, 13, 402.78, 659242, 821, 0, 0
1667, 4, 161, 556, 43, 0, 26.45%, 0, 0, 13, 425.55, 661322, 821, 0, 0
1672, 4, 555, 556, 42, 0, 26.45%, 0, 0, 13, 447.13, 663497, 821, 0, 0
1677, 4, 489, 556, 41, 0, 26.45%, 0, 0, 13, 393.31, 665430, 821, 0, 0
1682, 4, 76, 556, 40, 0, 26.45%, 0, 0, 13, 354.02, 667049, 821, 0, 0
1687, 4, 538, 556, 40, 0, 26.45%, 0, 0, 13, 358.02, 668866, 821, 0, 0
1693, 4, 490, 556, 39, 0, 26.45%, 0, 0, 13, 379.10, 671438, 821, 0, 0
1698, 4, 88, 556, 38, 0, 26.45%, 0, 0, 13, 361.27, 673253, 821, 0, 0
1703, 4, 549, 556, 37, 0, 26.45%, 0, 0, 13, 393.54, 675227, 821, 0, 0
1708, 4, 550, 558, 38, 0, 26.45%, 0, 0, 13, 419.22, 677270, 821, 0, 0
1715, 4, 548, 560, 39, 0, 26.45%, 0, 0, 13, 472.61, 679383, 821, 0, 0
1720, 4, 496, 561, 38, 0, 26.45%, 0, 0, 13, 425.27, 681510, 821, 0, 0
1725, 4, 412, 561, 37, 0, 26.45%, 0, 0, 13, 430.37, 683615, 821, 0, 0
1730, 4, 359, 561, 36, 0, 26.45%, 0, 0, 13, 459.71, 685860, 821, 0, 0
1735, 4, 153, 561, 36, 0, 26.45%, 0, 0, 13, 433.28, 688146, 821, 0, 0
1740, 4, 512, 561, 35, 0, 26.45%, 0, 0, 13, 434.08, 690345, 821, 0, 0
1746, 4, 558, 562, 35, 0, 26.45%, 0, 0, 13, 33.30, 692441, 821, 0, 0
1751, 4, 283, 562, 34, 0, 26.45%, 0, 0, 13, 460.66, 694692, 821, 0, 0
1756, 4, 352, 562, 34, 0, 26.45%, 0, 0, 13, 436.07, 696881, 821, 0, 0
1761, 4, 45, 562, 33, 0, 26.45%, 0, 0, 13, 390.60, 698922, 821, 0, 0
1766, 4, 102, 562, 33, 0, 26.45%, 0, 0, 13, 398.80, 700930, 821, 0, 0
1771, 4, 129, 562, 32, 0, 26.45%, 0, 0, 13, 443.30, 703116, 821, 0, 0
1776, 4, 148, 562, 29, 0, 26.45%, 0, 0, 13, 430.22, 705214, 821, 0, 0
1781, 4, 47, 562, 29, 0, 26.45%, 0, 0, 13, 449.99, 706938, 821, 0, 0
1786, 4, 329, 562, 28, 0, 26.45%, 0, 0, 13, 389.66, 708897, 821, 0, 0
1792, 4, 493, 562, 28, 0, 26.45%, 0, 0, 13, 409.76, 711053, 821, 0, 0
1797, 4, 551, 562, 27, 0, 26.45%, 0, 0, 13, 450.73, 713338, 821, 0, 0
1800, 4, 132, 562, 26, 0, 26.45%, 0, 0, 13, 435.53, 714555, 821, 0, 0
