# relative_time, cycles_done, cur_item, corpus_count, pending_total, pending_favs, map_size, saved_crashes, saved_hangs, max_depth, execs_per_sec, total_execs, edges_found, total_crashes, servers_count
61, 198, 2, 4, 0, 0, 0.36%, 0, 0, 1, 1897.99, 119152, 233, 0, 0
67, 214, 2, 4, 0, 0, 0.36%, 0, 0, 1, 1860.04, 128590, 233, 0, 0
72, 231, 2, 4, 0, 0, 0.36%, 0, 0, 1, 1946.18, 138831, 233, 0, 0
77, 246, 2, 4, 0, 0, 0.36%, 0, 0, 1, 1804.35, 147989, 233, 0, 0
82, 263, 2, 4, 0, 0, 0.36%, 0, 0, 1, 1889.45, 157927, 233, 0, 0
87, 278, 2, 4, 0, 0, 0.36%, 0, 0, 1, 1805.81, 167089, 233, 0, 0
92, 294, 2, 4, 0, 0, 0.36%, 0, 0, 1, 1875.53, 176490, 233, 0, 0
97, 309, 2, 4, 0, 0, 0.36%, 0, 0, 1, 1803.97, 185689, 233, 0, 0
102, 324, 2, 4, 0, 0, 0.36%, 0, 0, 1, 1793.98, 194823, 233, 0, 0
108, 339, 2, 4, 0, 0, 0.36%, 0, 0, 1, 1726.50, 203621, 233, 0, 0
113, 354, 2, 4, 0, 0, 0.36%, 0, 0, 1, 1773.08, 212723, 233, 0, 0
118, 369, 2, 4, 0, 0, 0.36%, 0, 0, 1, 1789.07, 221852, 233, 0, 0
123, 384, 2, 4, 0, 0, 0.36%, 0, 0, 1, 1783.61, 230952, 233, 0, 0
128, 400, 2, 4, 0, 0, 0.36%, 0, 0, 1, 1852.67, 240390, 233, 0, 0
133, 416, 2, 4, 0, 0, 0.36%, 0, 0, 1, 1841.81, 250089, 233, 0, 0
138, 432, 2, 4, 0, 0, 0.36%, 0, 0, 1, 1860.63, 259790, 233, 0, 0
144, 448, 2, 4, 0, 0, 0.36%, 0, 0, 1, 1873.79, 269390, 233, 0, 0
149, 465, 2, 4, 0, 0, 0.36%, 0, 0, 1, 1942.06, 279252, 233, 0, 0
154, 480, 2, 4, 0, 0, 0.36%, 0, 0, 1, 1781.98, 288088, 233, 0, 0
159, 496, 2, 4, 0, 0, 0.36%, 0, 0, 1, 1958.29, 298152, 233, 0, 0
164, 512, 2, 4, 0, 0, 0.36%, 0, 0, 1, 1939.11, 307729, 233, 0, 0
169, 529, 2, 4, 0, 0, 0.36%, 0, 0, 1, 1971.17, 318031, 233, 0, 0
174, 546, 2, 4, 0, 0, 0.36%, 0, 0, 1, 1960.86, 327992, 233, 0, 0
179, 562, 2, 4, 0, 0, 0.36%, 0, 0, 1, 1877.21, 337527, 233, 0, 0
184, 579, 2, 4, 0, 0, 0.36%, 0, 0, 1, 1977.72, 347931, 233, 0, 0
189, 596, 2, 4, 0, 0, 0.36%, 0, 0, 1, 2004.97, 358052, 233, 0, 0
194, 613, 2, 4, 0, 0, 0.36%, 0, 0, 1, 2000.38, 368031, 233, 0, 0
200, 630, 2, 4, 0, 0, 0.36%, 0, 0, 1, 2004.89, 378453, 233, 0, 0
205, 647, 2, 4, 0, 0, 0.36%, 0, 0, 1, 1987.66, 388631, 233, 0, 0
210, 664, 2, 4, 0, 0, 0.36%, 0, 0, 1, 2000.58, 398693, 233, 0, 0
215, 680, 2, 4, 0, 0, 0.36%, 0, 0, 1, 1989.08, 408531, 233, 0, 0
220, 697, 2, 4, 0, 0, 0.36%, 0, 0, 1, 1999.24, 418531, 233, 0, 0
225, 714, 2, 4, 0, 0, 0.36%, 0, 0, 1, 1964.07, 428792, 233, 0, 0
230, 731, 2, 4, 0, 0, 0.36%, 0, 0, 1, 1985.44, 439131, 233, 0, 0
235, 748, 2, 4, 0, 0, 0.36%, 0, 0, 1, 1998.35, 449431, 233, 0, 0
241, 765, 2, 4, 0, 0, 0.36%, 0, 0, 1, 1999.35, 459652, 233, 0, 0
246, 783, 2, 4, 0, 0, 0.36%, 0, 0, 1, 2006.03, 470052, 233, 0, 0
251, 799, 2, 4, 0, 0, 0.36%, 0, 0, 1, 1933.32, 479653, 233, 0, 0
256, 816, 2, 4, 0, 0, 0.36%, 0, 0, 1, 1975.94, 489992, 233, 0, 0
261, 833, 2, 4, 0, 0, 0.36%, 0, 0, 1, 1978.13, 500331, 233, 0, 0
266, 850, 2, 4, 0, 0, 0.36%, 0, 0, 1, 1982.82, 510652, 233, 0, 0
272, 867, 2, 4, 0, 0, 0.36%, 0, 0, 1, 1943.40, 520791, 233, 0, 0
277, 884, 2, 4, 0, 0, 0.36%, 0, 0, 1, 1938.81, 530691, 233, 0, 0
282, 901, 2, 4, 0, 0, 0.36%, 0, 0, 1, 1968.06, 540852, 233, 0, 0
287, 917, 2, 4, 0, 0, 0.36%, 0, 0, 1, 1899.91, 550727, 233, 0, 0
292, 934, 2, 4, 0, 0, 0.36%, 0, 0, 1, 1963.46, 560892, 233, 0, 0
297, 950, 2, 4, 0, 0, 0.36%, 0, 0, 1, 1827.47, 570089, 233, 0, 0
302, 966, 2, 4, 0, 0, 0.36%, 0, 0, 1, 1904.44, 579691, 233, 0, 0
308, 981, 2, 4, 0, 0, 0.36%, 0, 0, 1, 1792.96, 588852, 233, 0, 0
313, 997, 2, 4, 0, 0, 0.36%, 0, 0, 1, 1876.64, 598527, 233, 0, 0
318, 1013, 2, 4, 0, 0, 0.36%, 0, 0, 1, 1900.74, 608391, 233, 0, 0
323, 1029, 2, 4, 0, 0, 0.36%, 0, 0, 1, 1789.42, 617523, 233, 0, 0
328, 1045, 2, 4, 0, 0, 0.36%, 0, 0, 1, 1895.74, 627252, 233, 0, 0
333, 1061, 2, 4, 0, 0, 0.36%, 0, 0, 1, 1962.04, 637131, 233, 0, 0
338, 1078, 2, 4, 0, 0, 0.36%, 0, 0, 1, 1989.08, 647131, 233, 0, 0
343, 1094, 2, 4, 0, 0, 0.36%, 0, 0, 1, 1952.68, 656952, 233, 0, 0
348, 1111, 2, 4, 0, 0, 0.36%, 0, 0, 1, 1987.39, 667052, 233, 0, 0
354, 1128, 2, 4, 0, 0, 0.36%, 0, 0, 1, 1992.42, 677452, 233, 0, 0
359, 1146, 2, 4, 0, 0, 0.36%, 0, 0, 1, 1986.99, 687792, 233, 0, 0
364, 1163, 2, 4, 0, 0, 0.36%, 0, 0, 1, 1973.21, 698092, 233, 0, 0
369, 1179, 2, 4, 0, 0, 0.36%, 0, 0, 1, 1987.61, 707992, 233, 0, 0
374, 1196, 2, 4, 0, 0, 0.36%, 0, 0, 1, 1954.28, 718052, 233, 0, 0
379, 1213, 2, 4, 0, 0, 0.36%, 0, 0, 1, 1983.56, 728092, 233, 0, 0
384, 1230, 2, 4, 0, 0, 0.36%, 0, 0, 1, 1993.89, 738431, 233, 0, 0
390, 1247, 2, 4, 0, 0, 0.36%, 0, 0, 1, 1954.79, 748531, 233, 0, 0
395, 1264, 2, 4, 0, 0, 0.36%, 0, 0, 1, 1969.06, 758652, 233, 0, 0
400, 1281, 2, 4, 0, 0, 0.36%, 0, 0, 1, 1992.57, 768692, 233, 0, 0
405, 1298, 2, 4, 0, 0, 0.36%, 0, 0, 1, 1995.36, 779092, 233, 0, 0
410, 1315, 2, 4, 0, 0, 0.36%, 0, 0, 1, 1974.31, 789131, 233, 0, 0
415, 1332, 2, 4, 0, 0, 0.36%, 0, 0, 1, 1975.11, 799331, 233, 0, 0
420, 1349, 2, 4, 0, 0, 0.36%, 0, 0, 1, 1987.24, 809552, 233, 0, 0
425, 1365, 2, 4, 0, 0, 0.36%, 0, 0, 1, 1992.89, 819552, 233, 0, 0
430, 1382, 2, 4, 0, 0, 0.36%, 0, 0, 1, 1993.01, 829552, 233, 0, 0
435, 1398, 2, 4, 0, 0, 0.36%, 0, 0, 1, 1954.21, 839431, 233, 0, 0
441, 1415, 2, 4, 0, 0, 0.36%, 0, 0, 1, 1983.05, 849652, 233, 0, 0
446, 1432, 2, 4, 0, 0, 0.36%, 0, 0, 1, 1982.52, 859831, 233, 0, 0
451, 1449, 2, 4, 0, 0, 0.36%, 0, 0, 1, 1955.91, 869992, 233, 0, 0
456, 1466, 2, 4, 0, 0, 0.36%, 0, 0, 1, 1990.02, 879952, 233, 0, 0
461, 1483, 2, 4, 0, 0, 0.36%, 0, 0, 1, 1958.17, 890092, 233, 0, 0
466, 1500, 2, 4, 0, 0, 0.36%, 0, 0, 1, 1977.83, 900092, 233, 0, 0
471, 1517, 2, 4, 0, 0, 0.36%, 0, 0, 1, 1981.33, 910352, 233, 0, 0
476, 1534, 2, 4, 0, 0, 0.36%, 0, 0, 1, 1982.11, 920631, 233, 0, 0
482, 1551, 2, 4, 0, 0, 0.36%, 0, 0, 1, 1994.84, 931031, 233, 0, 0
487, 1568, 2, 4, 0, 0, 0.36%, 0, 0, 1, 1982.40, 940892, 233, 0, 0
492, 1584, 2, 4, 0, 0, 0.36%, 0, 0, 1, 1998.09, 950952, 233, 0, 0
497, 1602, 2, 4, 0, 0, 0.36%, 0, 0, 1, 1991.27, 961331, 233, 0, 0
502, 1619, 2, 4, 0, 0, 0.36%, 0, 0, 1, 1997.84, 971692, 233, 0, 0
507, 1636, 2, 4, 0, 0, 0.36%, 0, 0, 1, 1994.54, 981731, 233, 0, 0
512, 1652, 2, 4, 0, 0, 0.36%, 0, 0, 1, 1945.72, 991729, 233, 0, 0
517, 1669, 2, 4, 0, 0, 0.36%, 0, 0, 1, 1977.45, 1002052, 233, 0, 0
523, 1687, 2, 4, 0, 0, 0.36%, 0, 0, 1, 1991.07, 1012431, 233, 0, 0
528, 1704, 2, 4, 0, 0, 0.36%, 0, 0, 1, 1982.85, 1022631, 233, 0, 0
533, 1720, 2, 4, 0, 0, 0.36%, 0, 0, 1, 1951.58, 1032352, 233, 0, 0
538, 1737, 2, 4, 0, 0, 0.36%, 0, 0, 1, 1972.99, 1042552, 233, 0, 0
543, 1754, 2, 4, 0, 0, 0.36%, 0, 0, 1, 1999.94, 1052952, 233, 0, 0
548, 1771, 2, 4, 0, 0, 0.36%, 0, 0, 1, 1954.02, 1063053, 233, 0, 0
553, 1788, 2, 4, 0, 0, 0.36%, 0, 0, 1, 1950.94, 1073231, 233, 0, 0
559, 1804, 2, 4, 0, 0, 0.36%, 0, 0, 1, 1883.93, 1082790, 233, 0, 0
564, 1820, 2, 4, 0, 0, 0.36%, 0, 0, 1, 1887.81, 1092527, 233, 0, 0
569, 1836, 2, 4, 0, 0, 0.36%, 0, 0, 1, 1805.95, 1101725, 233, 0, 0
574, 1851, 2, 4, 0, 0, 0.36%, 0, 0, 1, 1819.13, 1110889, 233, 0, 0
579, 1867, 2, 4, 0, 0, 0.36%, 0, 0, 1, 1822.99, 1120625, 233, 0, 0
584, 1883, 2, 4, 0, 0, 0.36%, 0, 0, 1, 1848.68, 1130227, 233, 0, 0
590, 1898, 2, 4, 0, 0, 0.36%, 0, 0, 1, 1778.02, 1139352, 233, 0, 0
595, 1914, 2, 4, 0, 0, 0.36%, 0, 0, 1, 1771.99, 1148488, 233, 0, 0
600, 1929, 2, 4, 0, 0, 0.36%, 0, 0, 1, 1838.60, 1157889, 233, 0, 0
605, 1944, 2, 4, 0, 0, 0.36%, 0, 0, 1, 1782.25, 1166823, 233, 0, 0
610, 1959, 2, 4, 0, 0, 0.36%, 0, 0, 1, 1789.33, 1175952, 233, 0, 0
615, 1974, 2, 4, 0, 0, 0.36%, 0, 0, 1, 1761.38, 1185023, 233, 0, 0
620, 1990, 2, 4, 0, 0, 0.36%, 0, 0, 1, 1787.43, 1194188, 233, 0, 0
625, 2006, 2, 4, 0, 0, 0.36%, 0, 0, 1, 1873.96, 1203790, 233, 0, 0
630, 2022, 2, 4, 0, 0, 0.36%, 0, 0, 1, 1924.69, 1213429, 233, 0, 0
635, 2037, 2, 4, 0, 0, 0.36%, 0, 0, 1, 1800.87, 1222452, 233, 0, 0
641, 2054, 2, 4, 0, 0, 0.36%, 0, 0, 1, 1919.98, 1232552, 233, 0, 0
646, 2069, 2, 4, 0, 0, 0.36%, 0, 0, 1, 1816.98, 1241725, 233, 0, 0
651, 2084, 2, 4, 0, 0, 0.36%, 0, 0, 1, 1752.41, 1250788, 233, 0, 0
656, 2100, 2, 4, 0, 0, 0.36%, 0, 0, 1, 1815.12, 1260089, 233, 0, 0
661, 2115, 2, 4, 0, 0, 0.36%, 0, 0, 1, 1820.72, 1269625, 233, 0, 0
666, 2131, 2, 4, 0, 0, 0.36%, 0, 0, 1, 1785.70, 1278788, 233, 0, 0
672, 2147, 2, 4, 0, 0, 0.36%, 0, 0, 1, 1837.30, 1288389, 233, 0, 0
677, 2162, 2, 4, 0, 0, 0.36%, 0, 0, 1, 1839.53, 1297725, 233, 0, 0
682, 2179, 2, 4, 0, 0, 0.36%, 0, 0, 1, 1852.24, 1307627, 233, 0, 0
687, 2194, 2, 4, 0, 0, 0.36%, 0, 0, 1, 1802.44, 1316789, 233, 0, 0
692, 2209, 2, 4, 0, 0, 0.36%, 0, 0, 1, 1745.63, 1325823, 233, 0, 0
697, 2224, 2, 4, 0, 0, 0.36%, 0, 0, 1, 1729.60, 1334821, 233, 0, 0
703, 2240, 2, 4, 0, 0, 0.36%, 0, 0, 1, 1835.91, 1344525, 233, 0, 0
708, 2257, 2, 4, 0, 0, 0.36%, 0, 0, 1, 1875.64, 1354452, 233, 0, 0
713, 2272, 2, 4, 0, 0, 0.36%, 0, 0, 1, 1810.79, 1363689, 233, 0, 0
718, 2287, 2, 4, 0, 0, 0.36%, 0, 0, 1, 1795.35, 1372852, 233, 0, 0
723, 2303, 2, 4, 0, 0, 0.36%, 0, 0, 1, 1849.53, 1382427, 233, 0, 0
728, 2320, 2, 4, 0, 0, 0.36%, 0, 0, 1, 1891.60, 1392353, 233, 0, 0
733, 2336, 2, 4, 0, 0, 0.36%, 0, 0, 1, 1885.19, 1401852, 233, 0, 0
739, 2353, 2, 4, 0, 0, 0.36%, 0, 0, 1, 1971.74, 1412231, 233, 0, 0
744, 2370, 2, 4, 0, 0, 0.36%, 0, 0, 1, 1985.24, 1422552, 233, 0, 0
749, 2387, 2, 4, 0, 0, 0.36%, 0, 0, 1, 1972.54, 1432731, 233, 0, 0
754, 2405, 2, 4, 0, 0, 0.36%, 0, 0, 1, 1982.87, 1443092, 233, 0, 0
759, 2421, 2, 4, 0, 0, 0.36%, 0, 0, 1, 1944.38, 1452852, 233, 0, 0
764, 2438, 2, 4, 0, 0, 0.36%, 0, 0, 1, 1968.18, 1463092, 233, 0, 0
770, 2454, 2, 4, 0, 0, 0.36%, 0, 0, 1, 1877.38, 1472852, 233, 0, 0
775, 2471, 2, 4, 0, 0, 0.36%, 0, 0, 1, 1932.85, 1482991, 233, 0, 0
780, 2488, 2, 4, 0, 0, 0.36%, 0, 0, 1, 1973.90, 1493252, 233, 0, 0
785, 2505, 2, 4, 0, 0, 0.36%, 0, 0, 1, 1983.36, 1503292, 233, 0, 0
790, 2521, 2, 4, 0, 0, 0.36%, 0, 0, 1, 1894.21, 1512952, 233, 0, 0
795, 2537, 2, 4, 0, 0, 0.36%, 0, 0, 1, 1911.89, 1522691, 233, 0, 0
800, 2554, 2, 4, 0, 0, 0.36%, 0, 0, 1, 1970.07, 1532992, 233, 0, 0
805, 2570, 2, 4, 0, 0, 0.36%, 0, 0, 1, 1917.59, 1542591, 233, 0, 0
810, 2587, 2, 4, 0, 0, 0.36%, 0, 0, 1, 1950.55, 1552453, 233, 0, 0
816, 2604, 2, 4, 0, 0, 0.36%, 0, 0, 1, 1983.86, 1562592, 233, 0, 0
821, 2619, 2, 4, 0, 0, 0.36%, 0, 0, 1, 1816.41, 1571852, 233, 0, 0
826, 2635, 2, 4, 0, 0, 0.36%, 0, 0, 1, 1862.11, 1581627, 233, 0, 0
831, 2652, 2, 4, 0, 0, 0.36%, 0, 0, 1, 1879.39, 1591552, 233, 0, 0
836, 2669, 2, 4, 0, 0, 0.36%, 0, 0, 1, 1965.94, 1601792, 233, 0, 0
841, 2684, 2, 4, 0, 0, 0.36%, 0, 0, 1, 1810.51, 1610889, 233, 0, 0
846, 2699, 2, 4, 0, 0, 0.36%, 0, 0, 1, 1783.71, 1620023, 233, 0, 0
852, 2715, 2, 4, 0, 0, 0.36%, 0, 0, 1, 1830.68, 1629389, 233, 0, 0
857, 2731, 2, 4, 0, 0, 0.36%, 0, 0, 1, 1814.91, 1638825, 233, 0, 0
862, 2746, 2, 4, 0, 0, 0.36%, 0, 0, 1, 1754.23, 1647823, 233, 0, 0
867, 2761, 2, 4, 0, 0, 0.36%, 0, 0, 1, 1846.81, 1657252, 233, 0, 0
872, 2779, 2, 4, 0, 0, 0.36%, 0, 0, 1, 1965.28, 1667592, 233, 0, 0
877, 2795, 2, 4, 0, 0, 0.36%, 0, 0, 1, 1884.90, 1677191, 233, 0, 0
882, 2810, 2, 4, 0, 0, 0.36%, 0, 0, 1, 1910.21, 1686629, 233, 0, 0
887, 2827, 2, 4, 0, 0, 0.36%, 0, 0, 1, 1934.23, 1696491, 233, 0, 0
892, 2842, 2, 4, 0, 0, 0.36%, 0, 0, 1, 1824.06, 1705625, 233, 0, 0
897, 2858, 2, 4, 0, 0, 0.36%, 0, 0, 1, 1827.10, 1714889, 233, 0, 0
902, 2873, 2, 4, 0, 0, 0.36%, 0, 0, 1, 1829.18, 1724089, 233, 0, 0
908, 2889, 2, 4, 0, 0, 0.36%, 0, 0, 1, 1835.12, 1733589, 233, 0, 0
913, 2904, 2, 4, 0, 0, 0.36%, 0, 0, 1, 1836.58, 1742989, 233, 0, 0
918, 2920, 2, 4, 0, 0, 0.36%, 0, 0, 1, 1866.76, 1752490, 233, 0, 0
923, 2937, 2, 4, 0, 0, 0.36%, 0, 0, 1, 1932.67, 1762652, 233, 0, 0
928, 2953, 2, 4, 0, 0, 0.36%, 0, 0, 1, 1902.26, 1772291, 233, 0, 0
933, 2969, 2, 4, 0, 0, 0.36%, 0, 0, 1, 1855.40, 1781627, 233, 0, 0
938, 2984, 2, 4, 0, 0, 0.36%, 0, 0, 1, 1801.07, 1790853, 233, 0, 0
943, 3000, 2, 4, 0, 0, 0.36%, 0, 0, 1, 1839.91, 1800125, 233, 0, 0
948, 3016, 2, 4, 0, 0, 0.36%, 0, 0, 1, 1853.27, 1809952, 233, 0, 0
954, 3032, 2, 4, 0, 0, 0.36%, 0, 0, 1, 1842.25, 1819289, 233, 0, 0
959, 3047, 2, 4, 0, 0, 0.36%, 0, 0, 1, 1831.34, 1828625, 233, 0, 0
964, 3063, 2, 4, 0, 0, 0.36%, 0, 0, 1, 1884.12, 1838227, 233, 0, 0
969, 3079, 2, 4, 0, 0, 0.36%, 0, 0, 1, 1911.19, 1848029, 233, 0, 0
974, 3095, 2, 4, 0, 0, 0.36%, 0, 0, 1, 1861.43, 1857527, 233, 0, 0
979, 3111, 2, 4, 0, 0, 0.36%, 0, 0, 1, 1909.10, 1867127, 233, 0, 0
984, 3127, 2, 4, 0, 0, 0.36%, 0, 0, 1, 1885.98, 1876727, 233, 0, 0
989, 3143, 2, 4, 0, 0, 0.36%, 0, 0, 1, 1808.41, 1886025, 233, 0, 0
994, 3158, 2, 4, 0, 0, 0.36%, 0, 0, 1, 1821.91, 1895352, 233, 0, 0
999, 3174, 2, 4, 0, 0, 0.36%, 0, 0, 1, 1847.46, 1904825, 233, 0, 0
1004, 3189, 2, 4, 0, 0, 0.36%, 0, 0, 1, 1819.56, 1914025, 233, 0, 0
1009, 3205, 2, 4, 0, 0, 0.36%, 0, 0, 1, 1814.20, 1923352, 233, 0, 0
1015, 3220, 2, 4, 0, 0, 0.36%, 0, 0, 1, 1785.61, 1932552, 233, 0, 0
1020, 3236, 2, 4, 0, 0, 0.36%, 0, 0, 1, 1921.59, 1942229, 233, 0, 0
1025, 3252, 2, 4, 0, 0, 0.36%, 0, 0, 1, 1872.31, 1951690, 233, 0, 0
1030, 3267, 2, 4, 0, 0, 0.36%, 0, 0, 1, 1831.67, 1960789, 233, 0, 0
1035, 3284, 2, 4, 0, 0, 0.36%, 0, 0, 1, 1924.82, 1970529, 233, 0, 0
1040, 3299, 2, 4, 0, 0, 0.36%, 0, 0, 1, 1860.18, 1979990, 233, 0, 0
1045, 3315, 2, 4, 0, 0, 0.36%, 0, 0, 1, 1895.28, 1989627, 233, 0, 0
1050, 3331, 2, 4, 0, 0, 0.36%, 0, 0, 1, 1890.67, 1999227, 233, 0, 0
1055, 3347, 2, 4, 0, 0, 0.36%, 0, 0, 1, 1865.86, 2008590, 233, 0, 0
1060, 3363, 2, 4, 0, 0, 0.36%, 0, 0, 1, 1854.07, 2018090, 233, 0, 0
1065, 3378, 2, 4, 0, 0, 0.36%, 0, 0, 1, 1821.32, 2027189, 233, 0, 0
1070, 3395, 2, 4, 0, 0, 0.36%, 0, 0, 1, 1922.18, 2037152, 233, 0, 0
1075, 3412, 2, 4, 0, 0, 0.36%, 0, 0, 1, 1979.62, 2047352, 233, 0, 0
1080, 3427, 2, 4, 0, 0, 0.36%, 0, 0, 1, 1881.96, 2056827, 233, 0, 0
1086, 3443, 2, 4, 0, 0, 0.36%, 0, 0, 1, 1842.32, 2066125, 233, 0, 0
1091, 3458, 2, 4, 0, 0, 0.36%, 0, 0, 1, 1830.85, 2075325, 233, 0, 0
1096, 3474, 2, 4, 0, 0, 0.36%, 0, 0, 1, 1869.24, 2084727, 233, 0, 0
1101, 3490, 2, 4, 0, 0, 0.36%, 0, 0, 1, 1862.57, 2094227, 233, 0, 0
1106, 3505, 2, 4, 0, 0, 0.36%, 0, 0, 1, 1848.25, 2103625, 233, 0, 0
1111, 3521, 2, 4, 0, 0, 0.36%, 0, 0, 1, 1812.33, 2113152, 233, 0, 0
1116, 3537, 2, 4, 0, 0, 0.36%, 0, 0, 1, 1828.08, 2122552, 233, 0, 0
1121, 3552, 2, 4, 0, 0, 0.36%, 0, 0, 1, 1806.51, 2131552, 233, 0, 0
1126, 3568, 2, 4, 0, 0, 0.36%, 0, 0, 1, 1826.35, 2140889, 233, 0, 0
1131, 3584, 2, 4, 0, 0, 0.36%, 0, 0, 1, 1889.25, 2150652, 233, 0, 0
1136, 3599, 2, 4, 0, 0, 0.36%, 0, 0, 1, 1883.95, 2160027, 233, 0, 0
1141, 3615, 2, 4, 0, 0, 0.36%, 0, 0, 1, 1870.70, 2169627, 233, 0, 0
1146, 3632, 2, 4, 0, 0, 0.36%, 0, 0, 1, 1902.37, 2179352, 233, 0, 0
1152, 3648, 2, 4, 0, 0, 0.36%, 0, 0, 1, 1884.71, 2189290, 233, 0, 0
1157, 3664, 2, 4, 0, 0, 0.36%, 0, 0, 1, 1904.95, 2198929, 233, 0, 0
1162, 3680, 2, 4, 0, 0, 0.36%, 0, 0, 1, 1920.43, 2208529, 233, 0, 0
1167, 3696, 2, 4, 0, 0, 0.36%, 0, 0, 1, 1850.56, 2217825, 233, 0, 0
1172, 3711, 2, 4, 0, 0, 0.36%, 0, 0, 1, 1841.44, 2227225, 233, 0, 0
1177, 3727, 2, 4, 0, 0, 0.36%, 0, 0, 1, 1835.66, 2236625, 233, 0, 0
1182, 3742, 2, 4, 0, 0, 0.36%, 0, 0, 1, 1808.41, 2245689, 233, 0, 0
1187, 3757, 2, 4, 0, 0, 0.36%, 0, 0, 1, 1817.09, 2254825, 233, 0, 0
1192, 3773, 2, 4, 0, 0, 0.36%, 0, 0, 1, 1828.77, 2264025, 233, 0, 0
1197, 3789, 2, 4, 0, 0, 0.36%, 0, 0, 1, 1865.84, 2273527, 233, 0, 0
1202, 3804, 2, 4, 0, 0, 0.36%, 0, 0, 1, 1837.82, 2282989, 233, 0, 0
1208, 3821, 2, 4, 0, 0, 0.36%, 0, 0, 1, 1851.39, 2292725, 233, 0, 0
1213, 3837, 2, 4, 0, 0, 0.36%, 0, 0, 1, 1891.48, 2302452, 233, 0, 0
1218, 3852, 2, 4, 0, 0, 0.36%, 0, 0, 1, 1852.43, 2311689, 233, 0, 0
1223, 3868, 2, 4, 0, 0, 0.36%, 0, 0, 1, 1872.45, 2321290, 233, 0, 0
1228, 3884, 2, 4, 0, 0, 0.36%, 0, 0, 1, 1890.44, 2330890, 233, 0, 0
1233, 3899, 2, 4, 0, 0, 0.36%, 0, 0, 1, 1830.24, 2340052, 233, 0, 0
1238, 3915, 2, 4, 0, 0, 0.36%, 0, 0, 1, 1884.66, 2349590, 233, 0, 0
1243, 3932, 2, 4, 0, 0, 0.36%, 0, 0, 1, 1924.59, 2359629, 233, 0, 0
1248, 3949, 2, 4, 0, 0, 0.36%, 0, 0, 1, 1976.23, 2369852, 233, 0, 0
1253, 3966, 2, 4, 0, 0, 0.36%, 0, 0, 1, 1954.96, 2379831, 233, 0, 0
1258, 3983, 2, 4, 0, 0, 0.36%, 0, 0, 1, 1987.84, 2390152, 233, 0, 0
1264, 4000, 2, 4, 0, 0, 0.36%, 0, 0, 1, 1996.07, 2400492, 233, 0, 0
1269, 4017, 2, 4, 0, 0, 0.36%, 0, 0, 1, 1983.24, 2410492, 233, 0, 0
1274, 4034, 2, 4, 0, 0, 0.36%, 0, 0, 1, 1976.95, 2420731, 233, 0, 0
1279, 4051, 2, 4, 0, 0, 0.36%, 0, 0, 1, 1949.51, 2430829, 233, 0, 0
1284, 4068, 2, 4, 0, 0, 0.36%, 0, 0, 1, 1985.07, 2441053, 233, 0, 0
1289, 4085, 2, 4, 0, 0, 0.36%, 0, 0, 1, 1992.90, 2451331, 233, 0, 0
1294, 4102, 2, 4, 0, 0, 0.36%, 0, 0, 1, 1998.47, 2461592, 233, 0, 0
1300, 4119, 2, 4, 0, 0, 0.36%, 0, 0, 1, 1954.52, 2471631, 233, 0, 0
1305, 4135, 2, 4, 0, 0, 0.36%, 0, 0, 1, 1968.40, 2481652, 233, 0, 0
1310, 4152, 2, 4, 0, 0, 0.36%, 0, 0, 1, 1904.02, 2491452, 233, 0, 0
1315, 4169, 2, 4, 0, 0, 0.36%, 0, 0, 1, 1972.09, 2501592, 233, 0, 0
1320, 4185, 2, 4, 0, 0, 0.36%, 0, 0, 1, 1984.86, 2511592, 233, 0, 0
1325, 4202, 2, 4, 0, 0, 0.36%, 0, 0, 1, 1948.89, 2521631, 233, 0, 0
1330, 4219, 2, 4, 0, 0, 0.36%, 0, 0, 1, 1979.12, 2531753, 233, 0, 0
1335, 4236, 2, 4, 0, 0, 0.36%, 0, 0, 1, 1993.98, 2542031, 233, 0, 0
1341, 4253, 2, 4, 0, 0, 0.36%, 0, 0, 1, 1991.03, 2552131, 233, 0, 0
1346, 4270, 2, 4, 0, 0, 0.36%, 0, 0, 1, 1964.55, 2562292, 233, 0, 0
1351, 4286, 2, 4, 0, 0, 0.36%, 0, 0, 1, 1937.73, 2571852, 233, 0, 0
1356, 4302, 2, 4, 0, 0, 0.36%, 0, 0, 1, 1947.79, 2581791, 233, 0, 0
1361, 4318, 2, 4, 0, 0, 0.36%, 0, 0, 1, 1924.51, 2591252, 233, 0, 0
1366, 4335, 2, 4, 0, 0, 0.36%, 0, 0, 1, 1974.77, 2601331, 233, 0, 0
1371, 4351, 2, 4, 0, 0, 0.36%, 0, 0, 1, 1926.96, 2611191, 233, 0, 0
1376, 4367, 2, 4, 0, 0, 0.36%, 0, 0, 1, 1873.65, 2620752, 233, 0, 0
1381, 4384, 2, 4, 0, 0, 0.36%, 0, 0, 1, 1947.70, 2630829, 233, 0, 0
1386, 4401, 2, 4, 0, 0, 0.36%, 0, 0, 1, 1941.29, 2640929, 233, 0, 0
1392, 4417, 2, 4, 0, 0, 0.36%, 0, 0, 1, 1850.57, 2650325, 233, 0, 0
1397, 4433, 2, 4, 0, 0, 0.36%, 0, 0, 1, 1914.79, 2660391, 233, 0, 0
1402, 4450, 2, 4, 0, 0, 0.36%, 0, 0, 1, 1930.57, 2670053, 233, 0, 0
1407, 4466, 2, 4, 0, 0, 0.36%, 0, 0, 1, 1964.02, 2680152, 233, 0, 0
1412, 4483, 2, 4, 0, 0, 0.36%, 0, 0, 1, 1934.30, 2690152, 233, 0, 0
1417, 4500, 2, 4, 0, 0, 0.36%, 0, 0, 1, 1949.76, 2700152, 233, 0, 0
1422, 4516, 2, 4, 0, 0, 0.36%, 0, 0, 1, 1931.24, 2709952, 233, 0, 0
1428, 4532, 2, 4, 0, 0, 0.36%, 0, 0, 1, 1908.59, 2719529, 233, 0, 0
1433, 4548, 2, 4, 0, 0, 0.36%, 0, 0, 1, 1930.12, 2729429, 233, 0, 0
1438, 4564, 2, 4, 0, 0, 0.36%, 0, 0, 1, 1920.98, 2738929, 233, 0, 0
1443, 4579, 2, 4, 0, 0, 0.36%, 0, 0, 1, 1822.46, 2748025, 233, 0, 0
1448, 4595, 2, 4, 0, 0, 0.36%, 0, 0, 1, 1831.65, 2757352, 233, 0, 0
1453, 4610, 2, 4, 0, 0, 0.36%, 0, 0, 1, 1821.31, 2766389, 233, 0, 0
1458, 4626, 2, 4, 0, 0, 0.36%, 0, 0, 1, 1832.64, 2775725, 233, 0, 0
1463, 4641, 2, 4, 0, 0, 0.36%, 0, 0, 1, 1838.73, 2785052, 233, 0, 0
1468, 4657, 2, 4, 0, 0, 0.36%, 0, 0, 1, 1838.34, 2794489, 233, 0, 0
1473, 4672, 2, 4, 0, 0, 0.36%, 0, 0, 1, 1799.27, 2803623, 233, 0, 0
1478, 4687, 2, 4, 0, 0, 0.36%, 0, 0, 1, 1805.38, 2812852, 233, 0, 0
1483, 4703, 2, 4, 0, 0, 0.36%, 0, 0, 1, 1803.14, 2821989, 233, 0, 0
1488, 4718, 2, 4, 0, 0, 0.36%, 0, 0, 1, 1831.54, 2831325, 233, 0, 0
1494, 4735, 2, 4, 0, 0, 0.36%, 0, 0, 1, 1883.88, 2841129, 233, 0, 0
1499, 4750, 2, 4, 0, 0, 0.36%, 0, 0, 1, 1833.11, 2850489, 233, 0, 0
1504, 4765, 2, 4, 0, 0, 0.36%, 0, 0, 1, 1787.26, 2859488, 233, 0, 0
1509, 4782, 2, 4, 0, 0, 0.36%, 0, 0, 1, 1888.11, 2869327, 233, 0, 0
1514, 4797, 2, 4, 0, 0, 0.36%, 0, 0, 1, 1846.08, 2878525, 233, 0, 0
1519, 4812, 2, 4, 0, 0, 0.36%, 0, 0, 1, 1838.03, 2887725, 233, 0, 0
1524, 4828, 2, 4, 0, 0, 0.36%, 0, 0, 1, 1805.96, 2896925, 233, 0, 0
1529, 4843, 2, 4, 0, 0, 0.36%, 0, 0, 1, 1811.57, 2906352, 233, 0, 0
1534, 4859, 2, 4, 0, 0, 0.36%, 0, 0, 1, 1829.63, 2915625, 233, 0, 0
1540, 4874, 2, 4, 0, 0, 0.36%, 0, 0, 1, 1789.42, 2924752, 233, 0, 0
1545, 4890, 2, 4, 0, 0, 0.36%, 0, 0, 1, 1858.14, 2934190, 233, 0, 0
1550, 4905, 2, 4, 0, 0, 0.36%, 0, 0, 1, 1808.19, 2943425, 233, 0, 0
1555, 4921, 2, 4, 0, 0, 0.36%, 0, 0, 1, 1918.42, 2953091, 233, 0, 0
1560, 4937, 2, 4, 0, 0, 0.36%, 0, 0, 1, 1873.23, 2962590, 233, 0, 0
1565, 4953, 2, 4, 0, 0, 0.36%, 0, 0, 1, 1947.56, 2972352, 233, 0, 0
1570, 4969, 2, 4, 0, 0, 0.36%, 0, 0, 1, 1935.99, 2982052, 233, 0, 0
1575, 4986, 2, 4, 0, 0, 0.36%, 0, 0, 1, 1950.66, 2992191, 233, 0, 0
1580, 5003, 2, 4, 0, 0, 0.36%, 0, 0, 1, 1954.57, 3002192, 233, 0, 0
1585, 5020, 2, 4, 0, 0, 0.36%, 0, 0, 1, 1976.98, 3012131, 233, 0, 0
1590, 5037, 2, 4, 0, 0, 0.36%, 0, 0, 1, 1982.51, 3022331, 233, 0, 0
1595, 5054, 2, 4, 0, 0, 0.36%, 0, 0, 1, 1994.86, 3032552, 233, 0, 0
1601, 5070, 2, 4, 0, 0, 0.36%, 0, 0, 1, 1947.46, 3042591, 233, 0, 0
1606, 5087, 2, 4, 0, 0, 0.36%, 0, 0, 1, 1977.66, 3052752, 233, 0, 0
1611, 5104, 2, 4, 0, 0, 0.36%, 0, 0, 1, 1952.76, 3062892, 233, 0, 0
1616, 5121, 2, 4, 0, 0, 0.36%, 0, 0, 1, 1967.91, 3072792, 233, 0, 0
1621, 5137, 2, 4, 0, 0, 0.36%, 0, 0, 1, 1898.78, 3082391, 233, 0, 0
1626, 5153, 2, 4, 0, 0, 0.36%, 0, 0, 1, 1947.91, 3092431, 233, 0, 0
1631, 5169, 2, 4, 0, 0, 0.36%, 0, 0, 1, 1917.72, 3102029, 233, 0, 0
1636, 5186, 2, 4, 0, 0, 0.36%, 0, 0, 1, 1968.79, 3112231, 233, 0, 0
1641, 5203, 2, 4, 0, 0, 0.36%, 0, 0, 1, 1980.18, 3122331, 233, 0, 0
1646, 5219, 2, 4, 0, 0, 0.36%, 0, 0, 1, 1886.35, 3131852, 233, 0, 0
1652, 5236, 2, 4, 0, 0, 0.36%, 0, 0, 1, 1966.10, 3142052, 233, 0, 0
1657, 5252, 2, 4, 0, 0, 0.36%, 0, 0, 1, 1921.93, 3151629, 233, 0, 0
1662, 5268, 2, 4, 0, 0, 0.36%, 0, 0, 1, 1860.61, 3161090, 233, 0, 0
1667, 5285, 2, 4, 0, 0, 0.36%, 0, 0, 1, 1934.93, 3171129, 233, 0, 0
1672, 5300, 2, 4, 0, 0, 0.36%, 0, 0, 1, 1828.77, 3180252, 233, 0, 0
1677, 5316, 2, 4, 0, 0, 0.36%, 0, 0, 1, 1846.76, 3189789, 233, 0, 0
1682, 5332, 2, 4, 0, 0, 0.36%, 0, 0, 1, 1876.74, 3199390, 233, 0, 0
1687, 5348, 2, 4, 0, 0, 0.36%, 0, 0, 1, 1913.03, 3209429, 233, 0, 0
1692, 5364, 2, 4, 0, 0, 0.36%, 0, 0, 1, 1892.76, 3218927, 233, 0, 0
1697, 5381, 2, 4, 0, 0, 0.36%, 0, 0, 1, 1962.04, 3228792, 233, 0, 0
1702, 5397, 2, 4, 0, 0, 0.36%, 0, 0, 1, 1904.53, 3238291, 233, 0, 0
1707, 5413, 2, 4, 0, 0, 0.36%, 0, 0, 1, 1908.23, 3248329, 233, 0, 0
1712, 5429, 2, 4, 0, 0, 0.36%, 0, 0, 1, 1930.51, 3258029, 233, 0, 0
1718, 5446, 2, 4, 0, 0, 0.36%, 0, 0, 1, 1976.62, 3268152, 233, 0, 0
1723, 5463, 2, 4, 0, 0, 0.36%, 0, 0, 1, 1889.32, 3277927, 233, 0, 0
1728, 5479, 2, 4, 0, 0, 0.36%, 0, 0, 1, 1914.60, 3287829, 233, 0, 0
1733, 5496, 2, 4, 0, 0, 0.36%, 0, 0, 1, 1968.57, 3298092, 233, 0, 0
1738, 5513, 2, 4, 0, 0, 0.36%, 0, 0, 1, 1927.95, 3308191, 233, 0, 0
1743, 5529, 2, 4, 0, 0, 0.36%, 0, 0, 1, 1907.34, 3317652, 233, 0, 0
1748, 5544, 2, 4, 0, 0, 0.36%, 0, 0, 1, 1870.89, 3326827, 233, 0, 0
1753, 5560, 2, 4, 0, 0, 0.36%, 0, 0, 1, 1838.84, 3336189, 233, 0, 0
1758, 5576, 2, 4, 0, 0, 0.36%, 0, 0, 1, 1897.88, 3345827, 233, 0, 0
1763, 5592, 2, 4, 0, 0, 0.36%, 0, 0, 1, 1884.16, 3355427, 233, 0, 0
1769, 5608, 2, 4, 0, 0, 0.36%, 0, 0, 1, 1948.10, 3365452, 233, 0, 0
1774, 5624, 2, 4, 0, 0, 0.36%, 0, 0, 1, 1908.29, 3374929, 233, 0, 0
1779, 5641, 2, 4, 0, 0, 0.36%, 0, 0, 1, 1951.60, 3385029, 233, 0, 0
1784, 5658, 2, 4, 0, 0, 0.36%, 0, 0, 1, 1888.87, 3394953, 233, 0, 0
1789, 5675, 2, 4, 0, 0, 0.36%, 0, 0, 1, 1957.66, 3405092, 233, 0, 0
1794, 5691, 2, 4, 0, 0, 0.36%, 0, 0, 1, 1948.61, 3415052, 233, 0, 0
1800, 5708, 2, 4, 0, 0, 0.36%, 0, 0, 1, 0.00, 3425031, 233, 0, 0
