# relative_time, cycles_done, cur_item, corpus_count, pending_total, pending_favs, map_size, saved_crashes, saved_hangs, max_depth, execs_per_sec, total_execs, edges_found, total_crashes, servers_count
62, 0, 26, 60, 58, 1, 10.65%, 31, 0, 2, 46.32, 6359, 408, 31, 0
67, 0, 26, 62, 60, 1, 10.65%, 34, 0, 3, 31.85, 6937, 408, 34, 0
72, 0, 3, 62, 59, 46, 10.65%, 34, 0, 3, 43.18, 7181, 408, 34, 0
78, 0, 3, 63, 60, 46, 10.68%, 39, 0, 3, 58.64, 8000, 409, 39, 0
83, 0, 3, 63, 60, 46, 10.68%, 39, 0, 3, 64.62, 8366, 409, 39, 0
88, 0, 3, 63, 60, 46, 10.68%, 43, 0, 3, 51.99, 8594, 409, 43, 0
93, 0, 3, 67, 64, 46, 10.70%, 46, 0, 3, 54.58, 8861, 410, 46, 0
98, 0, 3, 68, 65, 46, 10.70%, 48, 0, 3, 53.28, 9131, 410, 48, 0
103, 0, 3, 68, 65, 46, 10.70%, 48, 0, 3, 53.95, 9408, 410, 48, 0
109, 0, 3, 70, 67, 46, 10.73%, 48, 0, 3, 58.12, 9716, 411, 48, 0
114, 0, 3, 70, 67, 46, 10.73%, 50, 0, 3, 55.76, 9976, 411, 50, 0
119, 0, 3, 71, 68, 46, 10.73%, 50, 0, 3, 59.60, 10282, 411, 50, 0
124, 0, 3, 73, 70, 46, 10.76%, 51, 0, 3, 58.11, 10572, 412, 51, 0
129, 0, 3, 73, 70, 46, 10.76%, 51, 0, 3, 59.27, 10874, 412, 51, 0
134, 0, 3, 73, 70, 46, 10.76%, 51, 0, 3, 58.67, 11166, 412, 51, 0
139, 0, 3, 73, 70, 46, 10.76%, 51, 0, 3, 58.51, 11465, 412, 51, 0
144, 0, 3, 74, 71, 46, 10.78%, 52, 0, 3, 57.10, 11743, 413, 52, 0
149, 0, 3, 74, 71, 46, 10.78%, 52, 0, 3, 56.60, 12043, 413, 52, 0
154, 0, 3, 74, 71, 46, 10.78%, 53, 0, 3, 53.98, 12323, 413, 53, 0
159, 0, 3, 74, 71, 46, 10.78%, 54, 0, 3, 55.76, 12600, 413, 54, 0
165, 0, 3, 74, 71, 46, 10.78%, 54, 0, 3, 54.21, 12881, 413, 54, 0
170, 0, 3, 75, 72, 46, 10.78%, 54, 0, 3, 57.24, 13173, 413, 54, 0
175, 0, 3, 75, 72, 46, 10.78%, 55, 0, 3, 59.71, 13476, 413, 55, 0
180, 0, 3, 75, 72, 46, 10.78%, 56, 0, 3, 56.29, 13738, 413, 56, 0
185, 0, 3, 75, 72, 46, 10.78%, 56, 0, 3, 53.02, 14010, 413, 56, 0
190, 0, 3, 75, 72, 46, 10.78%, 57, 0, 3, 56.17, 14300, 413, 57, 0
195, 0, 3, 75, 72, 46, 10.78%, 57, 0, 3, 55.69, 14590, 413, 57, 0
201, 0, 3, 75, 72, 46, 10.78%, 58, 0, 3, 53.94, 14856, 413, 58, 0
206, 0, 3, 76, 73, 46, 10.81%, 58, 0, 3, 58.45, 15160, 414, 58, 0
211, 0, 3, 76, 73, 46, 10.81%, 58, 0, 3, 58.17, 15451, 414, 58, 0
216, 0, 3, 76, 73, 46, 10.81%, 58, 0, 3, 55.66, 15742, 414, 58, 0
221, 0, 3, 76, 73, 46, 10.81%, 59, 0, 3, 55.21, 16021, 414, 59, 0
226, 0, 3, 76, 73, 46, 10.81%, 61, 0, 3, 59.07, 16316, 414, 61, 0
231, 0, 3, 76, 73, 46, 10.81%, 62, 0, 3, 57.79, 16599, 414, 62, 0
236, 0, 3, 76, 73, 46, 10.81%, 62, 0, 3, 56.23, 16891, 414, 62, 0
241, 0, 3, 77, 74, 46, 10.81%, 62, 0, 3, 58.15, 17184, 414, 62, 0
247, 0, 3, 77, 74, 46, 10.81%, 62, 0, 3, 58.67, 17480, 414, 62, 0
252, 0, 3, 77, 74, 46, 10.81%, 62, 0, 3, 54.99, 17760, 414, 62, 0
257, 0, 3, 78, 75, 46, 10.81%, 62, 0, 3, 57.90, 18068, 414, 62, 0
262, 0, 3, 79, 76, 46, 10.81%, 62, 0, 3, 56.30, 18347, 414, 62, 0
267, 0, 3, 79, 76, 46, 10.81%, 64, 0, 3, 47.64, 18612, 414, 64, 0
272, 0, 3, 79, 76, 46, 10.81%, 64, 0, 3, 54.81, 18913, 414, 64, 0
277, 0, 3, 79, 76, 46, 10.81%, 64, 0, 3, 57.54, 19208, 414, 64, 0
282, 0, 3, 79, 76, 46, 10.81%, 64, 0, 3, 57.28, 19496, 414, 64, 0
287, 0, 3, 79, 76, 46, 10.81%, 65, 0, 3, 55.48, 19768, 414, 65, 0
292, 0, 3, 79, 76, 46, 10.81%, 65, 0, 3, 56.10, 20055, 414, 65, 0
297, 0, 3, 79, 76, 46, 10.81%, 66, 0, 3, 55.28, 20330, 414, 66, 0
303, 0, 3, 79, 76, 46, 10.81%, 66, 0, 3, 57.36, 20629, 414, 66, 0
308, 0, 3, 79, 76, 46, 10.81%, 66, 0, 3, 57.11, 20928, 414, 66, 0
313, 0, 3, 79, 76, 46, 10.81%, 66, 0, 3, 56.82, 21213, 414, 66, 0
318, 0, 3, 79, 76, 46, 10.81%, 66, 0, 3, 57.69, 21511, 414, 66, 0
323, 0, 3, 79, 76, 46, 10.81%, 66, 0, 3, 55.65, 21786, 414, 66, 0
328, 0, 3, 79, 76, 46, 10.81%, 67, 0, 3, 52.88, 22064, 414, 67, 0
333, 0, 3, 79, 76, 46, 10.81%, 68, 0, 3, 57.15, 22361, 414, 68, 0
338, 0, 3, 79, 76, 46, 10.81%, 68, 0, 3, 55.03, 22652, 414, 68, 0
344, 0, 3, 79, 76, 46, 10.81%, 68, 0, 3, 54.79, 22937, 414, 68, 0
349, 0, 3, 79, 76, 46, 10.81%, 68, 0, 3, 55.78, 23227, 414, 68, 0
354, 0, 3, 79, 76, 46, 10.81%, 68, 0, 3, 57.62, 23525, 414, 68, 0
359, 0, 3, 79, 76, 46, 10.81%, 68, 0, 3, 56.05, 23812, 414, 68, 0
364, 0, 3, 80, 77, 46, 10.81%, 68, 0, 3, 58.83, 24118, 414, 68, 0
370, 0, 3, 80, 77, 46, 10.81%, 68, 0, 3, 56.90, 24410, 414, 68, 0
375, 0, 3, 81, 78, 46, 10.81%, 68, 0, 3, 58.02, 24712, 414, 68, 0
380, 0, 3, 82, 79, 46, 10.84%, 68, 0, 3, 58.17, 25017, 415, 68, 0
385, 0, 3, 82, 79, 46, 10.84%, 69, 0, 3, 56.16, 25302, 415, 69, 0
390, 0, 3, 82, 79, 46, 10.84%, 69, 0, 3, 56.64, 25596, 415, 69, 0
395, 0, 3, 82, 79, 46, 10.84%, 69, 0, 3, 58.02, 25904, 415, 69, 0
400, 0, 3, 83, 80, 46, 10.86%, 69, 0, 3, 56.80, 26191, 416, 69, 0
405, 0, 3, 83, 80, 46, 10.86%, 69, 0, 3, 59.22, 26490, 416, 69, 0
411, 0, 3, 83, 80, 46, 10.86%, 70, 0, 3, 52.59, 26752, 416, 70, 0
416, 0, 3, 83, 80, 46, 10.86%, 70, 0, 3, 54.79, 27033, 416, 70, 0
421, 0, 3, 83, 80, 46, 10.86%, 71, 0, 3, 54.78, 27302, 416, 71, 0
426, 0, 3, 83, 80, 46, 10.86%, 71, 0, 3, 56.11, 27601, 416, 71, 0
431, 0, 3, 83, 80, 46, 10.86%, 71, 0, 3, 58.40, 27895, 416, 71, 0
436, 0, 3, 83, 80, 46, 10.86%, 71, 0, 3, 55.80, 28181, 416, 71, 0
441, 0, 3, 83, 80, 46, 10.86%, 71, 0, 3, 55.31, 28458, 416, 71, 0
446, 0, 3, 83, 80, 46, 10.86%, 71, 0, 3, 55.05, 28729, 416, 71, 0
451, 0, 3, 83, 80, 46, 10.86%, 71, 0, 3, 55.91, 29015, 416, 71, 0
456, 0, 3, 83, 80, 46, 10.86%, 71, 0, 3, 58.41, 29304, 416, 71, 0
461, 0, 3, 83, 80, 46, 10.86%, 71, 0, 3, 59.36, 29602, 416, 71, 0
466, 0, 3, 83, 80, 46, 10.86%, 71, 0, 3, 57.62, 29887, 416, 71, 0
471, 0, 3, 83, 80, 46, 10.86%, 71, 0, 3, 58.78, 30178, 416, 71, 0
476, 0, 3, 83, 80, 46, 10.86%, 71, 0, 3, 54.49, 30444, 416, 71, 0
481, 0, 3, 83, 80, 46, 10.86%, 71, 0, 3, 56.62, 30733, 416, 71, 0
486, 0, 3, 83, 80, 46, 10.86%, 71, 0, 3, 56.39, 31022, 416, 71, 0
491, 0, 3, 83, 80, 46, 10.86%, 71, 0, 3, 55.00, 31298, 416, 71, 0
496, 0, 3, 83, 80, 46, 10.86%, 71, 0, 3, 58.57, 31593, 416, 71, 0
501, 0, 3, 83, 80, 46, 10.86%, 71, 0, 3, 59.66, 31891, 416, 71, 0
506, 0, 3, 83, 80, 46, 10.86%, 71, 0, 3, 57.20, 32178, 416, 71, 0
511, 0, 3, 83, 80, 46, 10.86%, 71, 0, 3, 54.74, 32452, 416, 71, 0
517, 0, 3, 83, 80, 46, 10.86%, 71, 0, 3, 55.29, 32746, 416, 71, 0
522, 0, 3, 83, 80, 46, 10.86%, 71, 0, 3, 55.34, 33022, 416, 71, 0
527, 0, 3, 83, 80, 46, 10.86%, 71, 0, 3, 56.86, 33310, 416, 71, 0
532, 0, 3, 83, 80, 46, 10.86%, 72, 0, 3, 55.06, 33599, 416, 72, 0
537, 0, 3, 83, 80, 46, 10.86%, 72, 0, 3, 56.93, 33886, 416, 72, 0
542, 0, 3, 83, 80, 46, 10.86%, 72, 0, 3, 56.92, 34172, 416, 72, 0
547, 0, 3, 83, 80, 46, 10.86%, 72, 0, 3, 56.09, 34449, 416, 72, 0
552, 0, 3, 83, 80, 46, 10.86%, 72, 0, 3, 57.75, 34742, 416, 72, 0
557, 0, 3, 83, 80, 46, 10.86%, 73, 0, 3, 55.11, 35011, 416, 73, 0
562, 0, 3, 83, 80, 46, 10.86%, 73, 0, 3, 54.26, 35280, 416, 73, 0
567, 0, 3, 83, 80, 46, 10.86%, 73, 0, 3, 54.84, 35553, 416, 73, 0
572, 0, 3, 83, 80, 46, 10.86%, 73, 0, 3, 51.95, 35823, 416, 73, 0
578, 0, 3, 83, 80, 46, 10.86%, 73, 0, 3, 44.93, 36041, 416, 73, 0
583, 0, 3, 83, 80, 46, 10.86%, 74, 0, 3, 45.09, 36243, 416, 74, 0
588, 0, 3, 83, 80, 46, 10.86%, 74, 0, 3, 48.70, 36497, 416, 74, 0
593, 0, 3, 83, 80, 46, 10.86%, 74, 0, 3, 53.98, 36778, 416, 74, 0
598, 0, 3, 83, 80, 46, 10.86%, 74, 0, 3, 47.72, 37014, 416, 74, 0
603, 0, 3, 83, 80, 46, 10.86%, 75, 0, 3, 59.56, 37269, 416, 75, 0
608, 0, 3, 84, 81, 46, 10.89%, 76, 0, 3, 52.76, 37518, 417, 76, 0
613, 0, 3, 84, 81, 46, 10.89%, 76, 0, 3, 53.77, 37792, 417, 76, 0
618, 0, 3, 84, 81, 46, 10.89%, 76, 0, 3, 51.49, 38048, 417, 76, 0
624, 0, 3, 84, 81, 46, 10.89%, 76, 0, 3, 46.33, 38281, 417, 76, 0
629, 0, 3, 84, 81, 46, 10.89%, 76, 0, 3, 46.86, 38518, 417, 76, 0
634, 0, 3, 84, 81, 46, 10.89%, 76, 0, 3, 47.68, 38754, 417, 76, 0
639, 0, 3, 84, 81, 46, 10.89%, 76, 0, 3, 42.72, 38974, 417, 76, 0
644, 0, 3, 84, 81, 46, 10.89%, 76, 0, 3, 31.65, 39155, 417, 77, 0
649, 0, 3, 84, 81, 46, 10.89%, 77, 0, 3, 40.80, 39366, 417, 78, 0
654, 0, 3, 84, 81, 46, 10.89%, 77, 0, 3, 46.82, 39617, 417, 78, 0
659, 0, 3, 84, 81, 46, 10.89%, 77, 0, 3, 48.60, 39870, 417, 78, 0
664, 0, 3, 84, 81, 46, 10.89%, 77, 0, 3, 48.14, 40113, 417, 78, 0
669, 0, 3, 84, 81, 46, 10.89%, 77, 0, 3, 43.46, 40325, 417, 78, 0
675, 0, 3, 84, 81, 46, 10.89%, 77, 0, 3, 45.28, 40547, 417, 78, 0
680, 0, 3, 85, 82, 46, 10.91%, 77, 0, 3, 49.71, 40806, 418, 78, 0
685, 0, 3, 85, 82, 46, 10.91%, 77, 0, 3, 51.28, 41067, 418, 78, 0
690, 0, 3, 85, 82, 46, 10.91%, 77, 0, 3, 52.52, 41332, 418, 78, 0
695, 0, 3, 85, 82, 46, 10.91%, 77, 0, 3, 53.46, 41604, 418, 78, 0
700, 0, 3, 85, 82, 46, 10.91%, 77, 0, 3, 47.54, 41834, 418, 78, 0
705, 0, 3, 85, 82, 46, 10.91%, 78, 0, 3, 47.01, 42060, 418, 79, 0
710, 0, 3, 85, 82, 46, 10.91%, 78, 0, 3, 49.67, 42325, 418, 79, 0
715, 0, 3, 85, 82, 46, 10.91%, 78, 0, 3, 49.63, 42579, 418, 79, 0
720, 0, 3, 85, 82, 46, 10.91%, 78, 0, 3, 52.36, 42849, 418, 79, 0
725, 0, 3, 85, 82, 46, 10.91%, 78, 0, 3, 56.50, 43143, 418, 79, 0
730, 0, 3, 85, 82, 46, 10.91%, 78, 0, 3, 53.27, 43416, 418, 79, 0
735, 0, 3, 85, 82, 46, 10.91%, 78, 0, 3, 53.79, 43687, 418, 79, 0
741, 0, 3, 85, 82, 46, 10.91%, 78, 0, 3, 54.46, 43968, 418, 79, 0
746, 0, 3, 85, 82, 46, 10.91%, 79, 0, 3, 57.27, 44227, 418, 80, 0
751, 0, 3, 85, 82, 46, 10.91%, 79, 0, 3, 52.98, 44490, 418, 80, 0
756, 0, 3, 85, 82, 46, 10.91%, 79, 0, 3, 52.15, 44755, 418, 80, 0
761, 0, 3, 85, 82, 46, 10.91%, 79, 0, 3, 51.16, 45015, 418, 80, 0
766, 0, 3, 85, 82, 46, 10.91%, 79, 0, 3, 54.70, 45294, 418, 80, 0
771, 0, 3, 85, 82, 46, 10.91%, 79, 0, 3, 52.23, 45559, 418, 80, 0
776, 0, 3, 85, 82, 46, 10.91%, 79, 0, 3, 54.21, 45834, 418, 80, 0
781, 0, 3, 85, 82, 46, 10.91%, 79, 0, 3, 56.51, 46124, 418, 80, 0
786, 0, 3, 85, 82, 46, 10.91%, 80, 0, 3, 46.27, 46362, 418, 81, 0
791, 0, 3, 85, 82, 46, 10.91%, 80, 0, 3, 51.67, 46624, 418, 81, 0
796, 0, 3, 85, 82, 46, 10.91%, 80, 0, 3, 52.06, 46894, 418, 81, 0
802, 0, 3, 85, 82, 46, 10.91%, 81, 0, 3, 52.20, 47149, 418, 82, 0
807, 0, 3, 85, 82, 46, 10.91%, 81, 0, 3, 52.59, 47416, 418, 82, 0
812, 0, 3, 85, 82, 46, 10.91%, 81, 0, 3, 52.61, 47680, 418, 82, 0
817, 0, 3, 85, 82, 46, 10.91%, 81, 0, 3, 54.79, 47958, 418, 82, 0
822, 0, 3, 85, 82, 46, 10.91%, 81, 0, 3, 55.71, 48245, 418, 82, 0
827, 0, 3, 85, 82, 46, 10.91%, 81, 0, 3, 56.81, 48532, 418, 82, 0
832, 0, 3, 85, 82, 46, 10.91%, 81, 0, 3, 53.70, 48805, 418, 82, 0
837, 0, 3, 85, 82, 46, 10.91%, 81, 0, 3, 55.94, 49095, 418, 82, 0
842, 0, 3, 85, 82, 46, 10.91%, 81, 0, 3, 55.50, 49374, 418, 82, 0
847, 0, 3, 85, 82, 46, 10.91%, 81, 0, 3, 54.00, 49643, 418, 82, 0
852, 0, 3, 85, 82, 46, 10.91%, 81, 0, 3, 49.38, 49897, 418, 82, 0
857, 0, 3, 85, 82, 46, 10.91%, 81, 0, 3, 49.79, 50152, 418, 82, 0
862, 0, 3, 85, 82, 46, 10.91%, 81, 0, 3, 47.14, 50401, 418, 82, 0
868, 0, 3, 85, 82, 46, 10.91%, 82, 0, 3, 51.77, 50614, 418, 83, 0
873, 0, 3, 85, 82, 46, 10.91%, 82, 0, 3, 45.53, 50839, 418, 83, 0
878, 0, 3, 85, 82, 46, 10.91%, 82, 0, 3, 44.60, 51062, 418, 83, 0
883, 0, 3, 85, 82, 46, 10.91%, 82, 0, 3, 51.08, 51325, 418, 83, 0
888, 0, 3, 85, 82, 46, 10.91%, 82, 0, 3, 52.02, 51595, 418, 83, 0
893, 0, 3, 85, 82, 46, 10.91%, 83, 0, 3, 48.25, 51830, 418, 84, 0
898, 0, 3, 85, 82, 46, 10.91%, 83, 0, 3, 47.49, 52070, 418, 84, 0
903, 0, 3, 85, 82, 46, 10.91%, 83, 0, 3, 52.95, 52337, 418, 84, 0
908, 0, 3, 85, 82, 46, 10.91%, 83, 0, 3, 49.52, 52584, 418, 84, 0
913, 0, 3, 85, 82, 46, 10.91%, 83, 0, 3, 51.66, 52849, 418, 84, 0
918, 0, 3, 85, 82, 46, 10.91%, 83, 0, 3, 48.95, 53101, 418, 84, 0
923, 0, 3, 85, 82, 46, 10.91%, 83, 0, 3, 50.12, 53357, 418, 84, 0
928, 0, 3, 85, 82, 46, 10.91%, 83, 0, 3, 52.32, 53615, 418, 84, 0
933, 0, 3, 85, 82, 46, 10.91%, 83, 0, 3, 56.68, 53910, 418, 84, 0
938, 0, 3, 85, 82, 46, 10.91%, 83, 0, 3, 53.62, 54173, 418, 84, 0
943, 0, 3, 85, 82, 46, 10.91%, 83, 0, 3, 50.02, 54419, 418, 84, 0
949, 0, 3, 85, 82, 46, 10.91%, 83, 0, 3, 49.17, 54671, 418, 84, 0
954, 0, 3, 85, 82, 46, 10.91%, 83, 0, 3, 50.75, 54930, 418, 84, 0
959, 0, 3, 85, 82, 46, 10.91%, 83, 0, 3, 51.14, 55187, 418, 84, 0
964, 0, 3, 85, 82, 46, 10.91%, 83, 0, 3, 49.59, 55439, 418, 84, 0
969, 0, 3, 86, 83, 46, 10.94%, 84, 0, 3, 55.98, 55688, 419, 85, 0
974, 0, 3, 86, 83, 46, 10.94%, 84, 0, 3, 55.47, 55968, 419, 85, 0
979, 0, 3, 86, 83, 46, 10.94%, 84, 0, 3, 53.13, 56234, 419, 85, 0
984, 0, 3, 86, 83, 46, 10.94%, 84, 0, 3, 51.29, 56495, 419, 85, 0
989, 0, 3, 86, 83, 46, 10.94%, 84, 0, 3, 50.45, 56745, 419, 85, 0
994, 0, 3, 86, 83, 46, 10.94%, 84, 0, 3, 49.47, 56994, 419, 85, 0
999, 0, 3, 86, 83, 46, 10.94%, 84, 0, 3, 50.94, 57255, 419, 85, 0
1004, 0, 3, 86, 83, 46, 10.94%, 84, 0, 3, 53.80, 57517, 419, 85, 0
1009, 0, 3, 86, 83, 46, 10.94%, 84, 0, 3, 53.14, 57783, 419, 85, 0
1014, 0, 3, 86, 83, 46, 10.94%, 84, 0, 3, 50.47, 58031, 419, 85, 0
1019, 0, 3, 86, 83, 46, 10.94%, 84, 0, 3, 50.10, 58280, 419, 85, 0
1024, 0, 3, 86, 83, 46, 10.94%, 84, 0, 3, 51.10, 58540, 419, 85, 0
1030, 0, 3, 86, 83, 46, 10.94%, 84, 0, 3, 50.00, 58794, 419, 85, 0
1035, 0, 3, 86, 83, 46, 10.94%, 84, 0, 3, 49.70, 59044, 419, 85, 0
1040, 0, 3, 86, 83, 46, 10.94%, 84, 0, 3, 49.15, 59292, 419, 85, 0
1045, 0, 3, 86, 83, 46, 10.94%, 84, 0, 3, 49.72, 59546, 419, 85, 0
1050, 0, 3, 86, 83, 46, 10.94%, 84, 0, 3, 48.89, 59791, 419, 85, 0
1055, 0, 5, 87, 83, 52, 10.97%, 84, 0, 3, 45.41, 60038, 420, 85, 0
1060, 0, 11, 87, 82, 52, 10.97%, 84, 0, 3, 59.85, 60625, 420, 85, 0
1065, 0, 12, 87, 81, 51, 10.97%, 84, 0, 3, 57.17, 60893, 420, 85, 0
1070, 0, 13, 87, 80, 50, 10.97%, 84, 0, 3, 61.05, 61544, 420, 85, 0
1075, 0, 13, 87, 80, 50, 10.97%, 84, 0, 3, 58.34, 62071, 420, 85, 0
1081, 0, 15, 87, 79, 49, 10.97%, 84, 0, 3, 47.00, 62298, 420, 85, 0
1086, 0, 40, 87, 78, 48, 10.97%, 84, 0, 3, 54.22, 62870, 420, 85, 0
1091, 0, 40, 89, 80, 48, 10.99%, 85, 0, 3, 19.02, 63432, 421, 86, 0
1096, 0, 40, 92, 83, 48, 11.02%, 85, 0, 3, 42.40, 64188, 422, 86, 0
1101, 0, 40, 92, 83, 48, 11.02%, 86, 0, 3, 46.69, 64426, 422, 87, 0
1106, 0, 16, 92, 82, 49, 11.02%, 86, 0, 3, 47.80, 64681, 422, 87, 0
1112, 0, 16, 92, 82, 49, 11.02%, 86, 0, 3, 62.19, 65327, 422, 87, 0
1117, 0, 71, 92, 81, 48, 11.02%, 86, 0, 3, 45.93, 65543, 422, 87, 0
1122, 0, 73, 92, 80, 47, 11.02%, 86, 0, 3, 61.81, 66202, 422, 87, 0
1127, 0, 73, 92, 80, 47, 11.02%, 86, 0, 3, 44.91, 66409, 422, 87, 0
1132, 0, 55, 92, 79, 46, 11.02%, 86, 0, 3, 132.50, 67066, 422, 87, 0
1138, 0, 55, 92, 79, 46, 11.02%, 86, 0, 3, 84.19, 67726, 422, 87, 0
1143, 0, 61, 92, 78, 45, 11.02%, 86, 0, 3, 52.64, 67952, 422, 87, 0
1148, 0, 61, 92, 78, 45, 11.02%, 86, 0, 3, 389.07, 68833, 422, 87, 0
1153, 0, 58, 92, 77, 44, 11.02%, 86, 0, 3, 49.51, 69090, 422, 87, 0
1158, 0, 86, 92, 76, 43, 11.02%, 86, 0, 3, 62.55, 69721, 422, 87, 0
1163, 0, 17, 92, 75, 42, 11.02%, 87, 0, 3, 45.08, 69922, 422, 88, 0
1168, 0, 35, 92, 74, 41, 11.02%, 87, 0, 3, 59.67, 70561, 422, 88, 0
1174, 0, 35, 93, 75, 41, 11.04%, 87, 0, 3, 59.58, 71134, 423, 88, 0
1179, 0, 18, 93, 74, 41, 11.04%, 88, 0, 3, 49.37, 71369, 423, 89, 0
1184, 0, 18, 93, 74, 41, 11.04%, 88, 0, 3, 53.83, 71947, 423, 89, 0
1190, 0, 84, 93, 73, 40, 11.04%, 88, 0, 3, 67.21, 72654, 423, 89, 0
1195, 0, 23, 93, 72, 39, 11.04%, 88, 0, 3, 49.34, 72891, 423, 89, 0
1200, 0, 24, 93, 71, 38, 11.04%, 88, 0, 3, 43.59, 73475, 423, 89, 0
1206, 0, 24, 93, 71, 38, 11.04%, 88, 0, 3, 220.31, 74125, 423, 89, 0
1211, 0, 49, 93, 70, 37, 11.04%, 88, 0, 3, 86.45, 74353, 423, 89, 0
1217, 0, 49, 93, 70, 37, 11.04%, 88, 0, 3, 67.22, 74940, 423, 89, 0
1222, 0, 37, 93, 69, 36, 11.04%, 88, 0, 3, 46.28, 75153, 423, 89, 0
1227, 0, 47, 94, 69, 35, 11.04%, 89, 0, 3, 59.76, 75725, 423, 90, 0
1233, 0, 47, 94, 69, 35, 11.04%, 89, 0, 3, 58.55, 76368, 423, 90, 0
1238, 0, 63, 94, 68, 34, 11.04%, 89, 0, 3, 47.01, 76600, 423, 90, 0
1243, 0, 63, 94, 68, 34, 11.04%, 89, 0, 3, 206.47, 77213, 423, 90, 0
1248, 0, 25, 94, 67, 33, 11.04%, 89, 0, 3, 42.55, 77434, 423, 90, 0
1254, 0, 25, 94, 67, 33, 11.04%, 89, 0, 3, 55.54, 78041, 423, 90, 0
1260, 0, 50, 94, 66, 32, 11.04%, 89, 0, 3, 56.55, 78699, 423, 90, 0
1265, 0, 46, 94, 65, 31, 11.04%, 89, 0, 3, 49.72, 78964, 423, 90, 0
1271, 0, 50, 94, 64, 30, 11.04%, 89, 0, 3, 56.11, 79569, 423, 90, 0
1276, 0, 33, 94, 64, 30, 11.04%, 89, 0, 3, 50.44, 79842, 423, 90, 0
1281, 0, 57, 94, 63, 29, 11.04%, 90, 0, 3, 53.54, 80418, 423, 91, 0
1287, 0, 57, 94, 63, 29, 11.04%, 90, 0, 3, 54.65, 81004, 423, 91, 0
1294, 0, 62, 94, 62, 28, 11.04%, 90, 0, 3, 68.64, 81774, 423, 91, 0
1299, 0, 27, 94, 61, 27, 11.04%, 90, 0, 3, 51.46, 82028, 423, 91, 0
1304, 0, 27, 94, 61, 27, 11.04%, 90, 0, 3, 55.38, 82670, 423, 91, 0
1309, 0, 83, 94, 60, 26, 11.04%, 90, 0, 3, 44.98, 82889, 423, 91, 0
1314, 0, 32, 94, 59, 25, 11.04%, 90, 0, 3, 166.03, 83562, 423, 91, 0
1320, 0, 32, 94, 59, 25, 11.04%, 91, 0, 3, 88.15, 84152, 423, 92, 0
1326, 0, 91, 94, 58, 24, 11.04%, 92, 0, 3, 39.54, 84396, 423, 93, 0
1331, 0, 88, 94, 57, 23, 11.04%, 92, 0, 3, 177.56, 85063, 423, 93, 0
1336, 0, 88, 94, 57, 23, 11.04%, 92, 0, 3, 96.56, 85632, 423, 93, 0
1342, 0, 34, 94, 56, 22, 11.04%, 92, 0, 3, 55.56, 85889, 423, 93, 0
1347, 0, 34, 95, 57, 22, 11.07%, 93, 0, 3, 88.51, 86489, 424, 94, 0
1352, 0, 36, 95, 56, 22, 11.07%, 93, 0, 3, 55.68, 86721, 424, 94, 0
1357, 0, 39, 95, 55, 21, 11.07%, 93, 0, 3, 59.21, 87380, 424, 94, 0
1362, 0, 39, 95, 55, 21, 11.07%, 93, 0, 3, 64.04, 87987, 424, 94, 0
1367, 0, 75, 95, 54, 20, 11.07%, 93, 0, 3, 58.77, 88283, 424, 94, 0
1372, 0, 38, 95, 53, 19, 11.07%, 93, 0, 3, 54.90, 88899, 424, 94, 0
1377, 0, 38, 95, 53, 19, 11.07%, 93, 0, 3, 57.52, 89494, 424, 94, 0
1383, 0, 85, 95, 52, 18, 11.07%, 93, 0, 3, 56.59, 89791, 424, 94, 0
1388, 0, 42, 95, 51, 17, 11.07%, 93, 0, 3, 57.25, 90423, 424, 94, 0
1393, 0, 42, 95, 51, 17, 11.07%, 93, 0, 3, 62.13, 90993, 424, 94, 0
1398, 0, 52, 95, 50, 16, 11.07%, 93, 0, 3, 49.53, 91248, 424, 94, 0
1403, 0, 51, 95, 49, 15, 11.07%, 93, 0, 3, 58.52, 91890, 424, 94, 0
1408, 0, 51, 95, 49, 15, 11.07%, 93, 0, 3, 60.98, 92490, 424, 94, 0
1413, 0, 43, 96, 49, 15, 11.10%, 93, 0, 3, 49.91, 92740, 425, 94, 0
1419, 0, 43, 96, 49, 15, 11.10%, 93, 0, 3, 55.89, 93369, 425, 94, 0
1424, 0, 54, 96, 48, 14, 11.10%, 93, 0, 3, 49.32, 93634, 425, 94, 0
1429, 0, 39, 97, 48, 13, 11.10%, 93, 0, 3, 64.94, 94271, 425, 94, 0
1434, 0, 6, 97, 48, 13, 11.10%, 93, 0, 3, 47.99, 94489, 425, 94, 0
1440, 0, 6, 97, 48, 13, 11.10%, 93, 0, 3, 55.04, 95103, 425, 94, 0
1445, 0, 69, 97, 47, 13, 11.10%, 93, 0, 3, 44.30, 95317, 425, 94, 0
1450, 0, 69, 97, 47, 13, 11.10%, 93, 0, 3, 176.03, 95962, 425, 94, 0
1456, 0, 44, 98, 47, 12, 11.12%, 93, 0, 3, 87.44, 96578, 426, 94, 0
1461, 0, 45, 99, 47, 13, 11.17%, 93, 0, 3, 56.17, 96851, 428, 94, 0
1467, 0, 45, 99, 47, 13, 11.17%, 93, 0, 3, 59.19, 97441, 428, 94, 0
1472, 0, 56, 99, 46, 12, 11.17%, 93, 0, 3, 46.03, 97670, 428, 94, 0
1477, 0, 59, 99, 45, 11, 11.17%, 93, 0, 3, 56.97, 98298, 428, 94, 0
1482, 0, 59, 100, 46, 11, 11.20%, 93, 0, 3, 59.17, 98891, 429, 94, 0
1487, 0, 48, 100, 45, 10, 11.20%, 93, 0, 3, 48.80, 99139, 429, 94, 0
1493, 0, 48, 100, 45, 10, 11.20%, 93, 0, 3, 42.80, 99763, 429, 94, 0
1498, 0, 53, 101, 45, 10, 11.28%, 93, 0, 4, 42.70, 99988, 432, 94, 0
1503, 0, 53, 101, 45, 10, 11.28%, 93, 0, 4, 53.24, 100584, 432, 94, 0
1508, 0, 99, 101, 44, 9, 11.28%, 93, 0, 4, 46.59, 100818, 432, 94, 0
1513, 0, 99, 101, 44, 9, 11.28%, 93, 0, 4, 52.57, 101438, 432, 94, 0
1519, 0, 81, 101, 43, 8, 11.28%, 93, 0, 4, 67.48, 102133, 432, 94, 0
1524, 0, 64, 101, 42, 7, 11.28%, 93, 0, 4, 51.46, 102397, 432, 94, 0
1529, 0, 64, 101, 42, 7, 11.28%, 93, 0, 4, 227.16, 103099, 432, 94, 0
1534, 0, 82, 101, 41, 6, 11.28%, 93, 0, 4, 41.81, 103346, 432, 94, 0
1539, 0, 82, 101, 41, 6, 11.28%, 93, 0, 4, 158.90, 103959, 432, 94, 0
1546, 0, 94, 101, 40, 5, 11.28%, 93, 0, 4, 78.51, 104559, 432, 94, 0
1551, 0, 92, 101, 39, 4, 11.28%, 93, 0, 4, 53.32, 104816, 432, 94, 0
1556, 0, 95, 101, 38, 3, 11.28%, 93, 0, 4, 56.99, 105404, 432, 94, 0
1561, 0, 95, 101, 38, 3, 11.28%, 93, 0, 4, 59.90, 106038, 432, 94, 0
1567, 0, 97, 101, 37, 2, 11.28%, 93, 0, 4, 52.17, 106298, 432, 94, 0
1572, 0, 97, 101, 37, 2, 11.28%, 93, 0, 4, 57.11, 106853, 432, 94, 0
1577, 0, 27, 101, 35, 0, 11.28%, 93, 0, 4, 53.66, 107122, 432, 94, 0
1582, 0, 52, 101, 35, 0, 11.28%, 93, 0, 4, 54.22, 107398, 432, 94, 0
1587, 0, 25, 101, 35, 0, 11.28%, 93, 0, 4, 56.03, 107688, 432, 94, 0
1592, 0, 54, 101, 35, 0, 11.28%, 93, 0, 4, 48.35, 107927, 432, 94, 0
1597, 0, 51, 101, 35, 0, 11.28%, 93, 0, 4, 54.42, 108206, 432, 94, 0
1602, 0, 50, 101, 35, 0, 11.28%, 93, 0, 4, 58.89, 108505, 432, 94, 0
1607, 0, 47, 101, 35, 0, 11.28%, 93, 0, 4, 50.92, 108768, 432, 94, 0
1612, 0, 89, 101, 35, 0, 11.28%, 93, 0, 4, 43.85, 108987, 432, 94, 0
1617, 0, 8, 101, 34, 0, 11.28%, 93, 0, 4, 41.87, 109608, 432, 94, 0
1623, 0, 8, 101, 34, 0, 11.28%, 93, 0, 4, 53.42, 110206, 432, 94, 0
1628, 0, 37, 101, 33, 0, 11.28%, 93, 0, 4, 50.87, 110451, 432, 94, 0
1633, 0, 75, 101, 33, 0, 11.28%, 94, 0, 4, 54.86, 110734, 432, 95, 0
1638, 0, 54, 101, 33, 0, 11.28%, 94, 0, 4, 66.03, 111093, 432, 95, 0
1643, 0, 83, 101, 33, 0, 11.28%, 94, 0, 4, 60.49, 111381, 432, 95, 0
1649, 0, 71, 101, 33, 0, 11.28%, 94, 0, 4, 54.60, 111638, 432, 95, 0
1654, 1, 39, 101, 33, 0, 11.28%, 94, 0, 4, 55.12, 111911, 432, 95, 0
1659, 1, 11, 101, 33, 0, 11.28%, 94, 0, 4, 64.47, 112239, 432, 95, 0
1664, 1, 59, 101, 33, 0, 11.28%, 94, 0, 4, 61.76, 112555, 432, 95, 0
1669, 1, 82, 101, 33, 0, 11.28%, 94, 0, 4, 56.17, 112848, 432, 95, 0
1674, 1, 95, 102, 34, 0, 11.28%, 94, 0, 4, 63.27, 113151, 432, 95, 0
1679, 1, 78, 102, 34, 0, 11.28%, 94, 0, 4, 72.67, 113840, 432, 95, 0
1684, 1, 93, 102, 33, 0, 11.28%, 94, 0, 4, 64.74, 114181, 432, 95, 0
1689, 1, 93, 103, 34, 0, 11.28%, 94, 0, 4, 74.75, 114796, 432, 95, 0
1694, 1, 39, 103, 33, 0, 11.28%, 94, 0, 4, 68.17, 115106, 432, 95, 0
1700, 1, 10, 103, 33, 0, 11.28%, 94, 0, 4, 49.64, 115345, 432, 95, 0
1705, 1, 27, 103, 32, 0, 11.28%, 94, 0, 4, 64.54, 115976, 432, 95, 0
1710, 1, 23, 103, 32, 0, 11.28%, 94, 0, 4, 55.29, 116258, 432, 95, 0
1715, 1, 69, 103, 32, 0, 11.28%, 94, 0, 4, 55.91, 116540, 432, 95, 0
1720, 1, 39, 103, 32, 0, 11.28%, 94, 0, 4, 55.13, 116814, 432, 95, 0
1725, 1, 37, 103, 32, 0, 11.28%, 94, 0, 4, 64.00, 117168, 432, 95, 0
1730, 1, 25, 103, 32, 0, 11.28%, 94, 0, 4, 58.31, 117453, 432, 95, 0
1735, 1, 40, 103, 31, 0, 11.28%, 94, 0, 4, 56.45, 117750, 432, 95, 0
1740, 1, 36, 103, 31, 0, 11.28%, 94, 0, 4, 61.54, 118056, 432, 95, 0
1745, 1, 45, 103, 31, 0, 11.28%, 94, 0, 4, 50.88, 118296, 432, 95, 0
1750, 1, 66, 103, 31, 0, 11.28%, 94, 0, 4, 44.46, 118519, 432, 95, 0
1755, 1, 66, 103, 31, 0, 11.28%, 94, 0, 4, 224.97, 119135, 432, 95, 0
1760, 1, 51, 103, 30, 0, 11.28%, 94, 0, 4, 58.59, 119440, 432, 95, 0
1766, 1, 11, 104, 31, 0, 11.36%, 94, 0, 4, 57.29, 119726, 435, 95, 0
1771, 1, 103, 105, 32, 1, 11.36%, 95, 0, 4, 26.43, 119972, 435, 96, 0
1776, 1, 104, 105, 31, 1, 11.36%, 95, 0, 4, 41.53, 120215, 435, 96, 0
1781, 1, 61, 105, 30, 0, 11.36%, 95, 0, 4, 48.31, 120467, 435, 96, 0
1786, 1, 82, 105, 30, 0, 11.36%, 95, 0, 4, 50.56, 120730, 435, 96, 0
1791, 1, 7, 105, 30, 0, 11.36%, 95, 0, 4, 46.47, 120969, 435, 96, 0
1796, 1, 73, 105, 29, 0, 11.36%, 95, 0, 4, 173.39, 121645, 435, 96, 0
1800, 1, 21, 105, 29, 0, 11.36%, 95, 0, 4, 98.96, 121836, 435, 96, 0
