# relative_time, cycles_done, cur_item, corpus_count, pending_total, pending_favs, map_size, saved_crashes, saved_hangs, max_depth, execs_per_sec, total_execs, edges_found, total_crashes, servers_count
61, 0, 149, 234, 161, 23, 2.78%, 0, 0, 3, 1122.30, 67830, 1823, 0, 0
66, 0, 149, 241, 168, 23, 2.78%, 0, 0, 3, 1192.66, 73928, 1825, 0, 0
72, 0, 162, 244, 169, 28, 2.89%, 0, 0, 3, 1147.35, 80604, 1892, 0, 0
77, 0, 208, 256, 173, 21, 2.89%, 0, 0, 4, 1145.29, 86171, 1897, 0, 0
82, 0, 208, 259, 176, 21, 2.90%, 0, 0, 4, 1027.19, 91233, 1903, 0, 0
87, 0, 209, 259, 175, 24, 2.90%, 0, 0, 4, 1170.37, 95941, 1903, 0, 0
92, 0, 210, 268, 183, 23, 2.91%, 0, 0, 4, 1177.02, 102150, 1909, 0, 0
97, 0, 210, 269, 184, 23, 2.91%, 0, 0, 4, 1224.81, 108414, 1910, 0, 0
102, 0, 219, 273, 180, 19, 2.91%, 0, 0, 4, 1261.37, 114232, 1910, 0, 0
107, 0, 220, 283, 187, 16, 2.93%, 0, 0, 4, 1126.18, 119860, 1920, 0, 0
112, 0, 220, 284, 188, 16, 2.98%, 0, 0, 4, 1179.79, 125558, 1953, 0, 0
117, 0, 224, 285, 186, 15, 2.98%, 0, 0, 4, 1122.05, 130337, 1953, 0, 0
122, 0, 239, 313, 207, 15, 2.98%, 0, 0, 5, 1093.76, 135806, 1956, 0, 0
127, 0, 295, 317, 201, 6, 2.98%, 0, 0, 6, 1023.24, 141026, 1956, 0, 0
132, 0, 295, 320, 204, 6, 2.99%, 0, 0, 6, 1016.86, 146159, 1957, 0, 0
138, 0, 305, 329, 211, 8, 2.99%, 0, 0, 6, 1084.59, 151961, 1957, 0, 0
143, 0, 305, 334, 216, 8, 3.01%, 0, 0, 6, 1165.73, 157850, 1973, 0, 0
148, 0, 306, 338, 219, 10, 3.06%, 0, 0, 6, 1098.10, 163025, 2005, 0, 0
153, 0, 318, 351, 230, 11, 3.06%, 0, 0, 7, 1033.41, 167486, 2005, 0, 0
158, 0, 318, 356, 235, 11, 3.06%, 0, 0, 7, 1079.83, 173065, 2005, 0, 0
163, 0, 324, 361, 238, 12, 3.06%, 0, 0, 7, 1121.57, 178990, 2005, 0, 0
168, 0, 336, 376, 246, 6, 3.11%, 0, 0, 7, 1136.41, 184642, 2037, 0, 0
173, 0, 336, 378, 248, 6, 3.11%, 0, 0, 7, 1012.34, 189781, 2037, 0, 0
178, 0, 336, 381, 251, 6, 3.11%, 0, 0, 7, 1036.97, 195129, 2037, 0, 0
183, 0, 378, 386, 252, 5, 3.11%, 0, 0, 8, 1087.85, 199836, 2038, 0, 0
188, 0, 378, 389, 255, 5, 3.11%, 0, 0, 8, 1130.46, 205461, 2038, 0, 0
194, 0, 378, 389, 255, 5, 3.11%, 0, 0, 8, 1098.53, 210939, 2038, 0, 0
199, 0, 374, 393, 253, 2, 3.11%, 0, 0, 9, 1055.27, 216467, 2038, 0, 0
204, 0, 374, 400, 260, 2, 3.11%, 0, 0, 9, 1108.66, 222038, 2038, 0, 0
209, 0, 374, 401, 261, 2, 3.11%, 0, 0, 9, 1167.13, 227931, 2038, 0, 0
214, 0, 400, 408, 262, 1, 3.11%, 0, 0, 9, 1050.19, 233344, 2038, 0, 0
219, 0, 217, 410, 259, 0, 3.11%, 0, 0, 9, 1146.11, 238087, 2038, 0, 0
224, 0, 381, 412, 255, 0, 3.11%, 0, 0, 9, 1113.04, 243854, 2038, 0, 0
229, 0, 384, 413, 250, 0, 3.11%, 0, 0, 9, 1142.80, 249661, 2038, 0, 0
234, 0, 376, 414, 246, 0, 3.11%, 0, 0, 9, 1092.14, 255386, 2038, 0, 0
240, 0, 346, 419, 249, 0, 3.11%, 0, 0, 9, 1052.79, 260763, 2038, 0, 0
245, 0, 107, 420, 244, 0, 3.11%, 0, 0, 9, 1083.90, 266429, 2040, 0, 0
250, 0, 359, 424, 244, 0, 3.11%, 0, 0, 9, 1185.72, 271200, 2040, 0, 0
255, 0, 413, 424, 239, 0, 3.11%, 0, 0, 9, 1227.39, 277009, 2040, 0, 0
260, 0, 401, 429, 242, 0, 3.12%, 0, 0, 9, 1035.46, 282038, 2045, 0, 0
265, 0, 341, 431, 239, 0, 3.13%, 0, 0, 9, 1077.12, 287724, 2051, 0, 0
270, 1, 311, 434, 241, 0, 3.13%, 0, 0, 9, 1116.07, 293131, 2051, 0, 0
275, 1, 335, 436, 235, 0, 3.13%, 0, 0, 9, 1211.06, 299157, 2051, 0, 0
280, 1, 407, 438, 231, 0, 3.13%, 0, 0, 9, 1153.13, 305030, 2051, 0, 0
286, 1, 316, 440, 223, 0, 3.13%, 0, 0, 9, 1201.57, 309710, 2051, 0, 0
291, 1, 284, 440, 214, 0, 3.13%, 0, 0, 9, 1260.76, 315848, 2051, 0, 0
296, 1, 392, 441, 206, 0, 3.13%, 0, 0, 9, 1153.20, 321366, 2051, 0, 0
301, 1, 226, 442, 197, 0, 3.13%, 0, 0, 9, 1165.45, 327186, 2051, 0, 0
306, 1, 309, 444, 191, 0, 3.13%, 0, 0, 10, 1049.70, 332345, 2051, 0, 0
311, 1, 70, 449, 191, 0, 3.13%, 0, 0, 10, 1154.93, 338379, 2051, 0, 0
316, 1, 412, 450, 183, 0, 3.13%, 0, 0, 10, 1234.35, 343070, 2051, 0, 0
321, 1, 43, 450, 174, 0, 3.13%, 0, 0, 10, 1249.81, 348799, 2051, 0, 0
326, 1, 333, 454, 172, 0, 3.14%, 0, 0, 10, 1073.31, 354039, 2055, 0, 0
331, 1, 454, 456, 165, 2, 3.14%, 0, 0, 10, 1059.67, 359497, 2059, 0, 0
336, 1, 455, 463, 169, 1, 3.17%, 0, 0, 10, 1085.06, 365035, 2079, 0, 0
341, 1, 457, 465, 170, 5, 3.19%, 0, 0, 10, 1109.59, 370565, 2093, 0, 0
347, 1, 453, 468, 167, 0, 3.20%, 0, 0, 11, 930.77, 375036, 2098, 0, 0
352, 1, 322, 470, 162, 0, 3.20%, 0, 0, 11, 1139.73, 379997, 2098, 0, 0
357, 1, 226, 470, 156, 0, 3.20%, 0, 0, 11, 1153.56, 385434, 2098, 0, 0
362, 1, 461, 472, 149, 0, 3.20%, 0, 0, 11, 1167.07, 391262, 2098, 0, 0
367, 1, 466, 474, 143, 0, 3.20%, 0, 0, 12, 1127.96, 396767, 2098, 0, 0
372, 1, 445, 482, 150, 0, 3.21%, 0, 0, 12, 1026.33, 401918, 2102, 0, 0
379, 1, 475, 484, 151, 1, 3.21%, 0, 0, 12, 988.74, 408393, 2102, 0, 0
384, 1, 430, 485, 146, 0, 3.22%, 0, 0, 12, 686.93, 412021, 2112, 0, 0
389, 1, 479, 485, 142, 0, 3.22%, 0, 0, 12, 880.95, 417233, 2112, 0, 0
394, 1, 478, 489, 142, 0, 3.22%, 0, 0, 12, 1000.43, 422417, 2113, 0, 0
399, 1, 252, 490, 134, 0, 3.22%, 0, 0, 12, 1007.56, 427430, 2113, 0, 0
404, 1, 332, 491, 129, 0, 3.22%, 0, 0, 12, 925.27, 432346, 2113, 0, 0
409, 1, 34, 491, 123, 0, 3.22%, 0, 0, 12, 955.70, 437388, 2113, 0, 0
415, 1, 450, 491, 117, 0, 3.22%, 0, 0, 12, 910.89, 442704, 2113, 0, 0
421, 1, 48, 491, 111, 0, 3.22%, 0, 0, 12, 1078.51, 448330, 2113, 0, 0
426, 2, 236, 491, 104, 0, 3.22%, 0, 0, 12, 1019.76, 453601, 2113, 0, 0
431, 2, 133, 491, 102, 0, 3.22%, 0, 0, 12, 951.46, 458037, 2113, 0, 0
436, 2, 452, 492, 100, 0, 3.22%, 0, 0, 12, 1058.96, 463448, 2113, 0, 0
441, 2, 332, 493, 97, 0, 3.22%, 0, 0, 12, 951.24, 468137, 2113, 0, 0
446, 2, 471, 498, 100, 0, 3.22%, 0, 0, 12, 959.23, 473168, 2113, 0, 0
451, 2, 471, 498, 100, 0, 3.22%, 0, 0, 12, 997.76, 477785, 2113, 0, 0
456, 2, 494, 498, 98, 0, 3.22%, 0, 0, 12, 1040.81, 483262, 2113, 0, 0
461, 2, 487, 500, 95, 0, 3.22%, 0, 0, 13, 1015.35, 488376, 2113, 0, 0
466, 2, 419, 502, 92, 0, 3.22%, 0, 0, 13, 1037.94, 493723, 2113, 0, 0
472, 2, 477, 507, 95, 0, 3.22%, 0, 0, 13, 1049.93, 498402, 2113, 0, 0
477, 2, 477, 508, 96, 0, 3.22%, 0, 0, 13, 816.42, 502134, 2113, 0, 0
482, 2, 477, 508, 96, 0, 3.22%, 0, 0, 13, 360.00, 506169, 2113, 0, 0
487, 2, 500, 509, 93, 0, 3.22%, 0, 0, 13, 843.58, 511814, 2113, 0, 0
492, 2, 258, 509, 88, 0, 3.22%, 0, 0, 13, 1034.51, 517426, 2113, 0, 0
497, 2, 493, 510, 84, 0, 3.23%, 0, 0, 13, 1164.58, 523412, 2116, 0, 0
502, 2, 464, 510, 81, 0, 3.23%, 0, 0, 13, 1000.06, 528666, 2116, 0, 0
507, 2, 114, 510, 75, 0, 3.23%, 0, 0, 13, 900.99, 533357, 2116, 0, 0
512, 2, 30, 510, 74, 0, 3.23%, 0, 0, 13, 1077.26, 538449, 2116, 0, 0
518, 2, 475, 510, 71, 0, 3.23%, 0, 0, 13, 1028.38, 542698, 2116, 0, 0
523, 2, 206, 510, 70, 0, 3.23%, 0, 0, 13, 1024.72, 548301, 2116, 0, 0
528, 2, 509, 511, 67, 0, 3.23%, 0, 0, 13, 1096.66, 553642, 2116, 0, 0
533, 2, 425, 511, 61, 0, 3.23%, 0, 0, 13, 1123.44, 559296, 2116, 0, 0
539, 2, 470, 512, 60, 0, 3.23%, 0, 0, 13, 970.34, 565441, 2116, 0, 0
544, 2, 446, 512, 58, 0, 3.23%, 0, 0, 13, 1129.02, 571141, 2116, 0, 0
549, 2, 219, 513, 54, 0, 3.23%, 0, 0, 13, 1218.90, 575984, 2116, 0, 0
554, 2, 514, 515, 54, 1, 3.23%, 0, 0, 13, 1137.38, 581221, 2119, 0, 0
559, 3, 43, 515, 52, 0, 3.23%, 0, 0, 13, 1227.52, 587124, 2119, 0, 0
564, 3, 3, 516, 52, 0, 3.23%, 0, 0, 13, 988.87, 592024, 2119, 0, 0
569, 3, 97, 516, 48, 0, 3.23%, 0, 0, 13, 1074.60, 597813, 2119, 0, 0
574, 3, 388, 517, 48, 0, 3.23%, 0, 0, 13, 1088.82, 602902, 2119, 0, 0
579, 3, 450, 518, 47, 0, 3.23%, 0, 0, 13, 1205.97, 609097, 2119, 0, 0
584, 3, 318, 518, 45, 0, 3.23%, 0, 0, 13, 1176.76, 613589, 2119, 0, 0
590, 3, 237, 520, 44, 0, 3.23%, 0, 0, 13, 1129.39, 619530, 2119, 0, 0
595, 3, 437, 520, 41, 0, 3.23%, 0, 0, 13, 1138.33, 625223, 2119, 0, 0
600, 3, 361, 521, 40, 0, 3.23%, 0, 0, 13, 1183.98, 631006, 2119, 0, 0
605, 3, 522, 523, 41, 1, 3.24%, 0, 0, 13, 1132.81, 636641, 2122, 0, 0
610, 3, 526, 527, 44, 1, 3.24%, 0, 0, 13, 1101.41, 642577, 2122, 0, 0
615, 3, 509, 529, 44, 0, 3.24%, 0, 0, 14, 1294.43, 647352, 2122, 0, 0
620, 3, 425, 530, 44, 0, 3.24%, 0, 0, 14, 1158.39, 653022, 2122, 0, 0
627, 3, 523, 530, 44, 0, 3.24%, 0, 0, 14, 1205.16, 660211, 2122, 0, 0
632, 3, 351, 530, 42, 0, 3.24%, 0, 0, 14, 1117.95, 666063, 2122, 0, 0
637, 3, 507, 531, 40, 0, 3.24%, 0, 0, 14, 1155.08, 672069, 2126, 0, 0
642, 3, 462, 533, 39, 0, 3.24%, 0, 0, 14, 1246.78, 678059, 2126, 0, 0
647, 3, 179, 534, 38, 0, 3.24%, 0, 0, 14, 1172.86, 683131, 2126, 0, 0
653, 3, 330, 534, 37, 0, 3.24%, 0, 0, 14, 1063.54, 688476, 2126, 0, 0
658, 3, 475, 536, 38, 0, 3.24%, 0, 0, 14, 1117.26, 694015, 2126, 0, 0
663, 4, 537, 538, 39, 1, 3.34%, 0, 0, 14, 1178.40, 699966, 2190, 0, 0
668, 4, 534, 539, 36, 0, 3.35%, 0, 0, 14, 1114.63, 705492, 2193, 0, 0
673, 4, 519, 540, 34, 0, 3.35%, 0, 0, 14, 1180.80, 711324, 2193, 0, 0
678, 4, 539, 544, 37, 0, 3.35%, 0, 0, 14, 1001.77, 716563, 2193, 0, 0
683, 4, 539, 545, 38, 0, 3.35%, 0, 0, 14, 1150.46, 721092, 2193, 0, 0
689, 4, 488, 546, 38, 0, 3.35%, 0, 0, 14, 1073.31, 726617, 2193, 0, 0
694, 4, 97, 547, 38, 0, 3.35%, 0, 0, 14, 993.04, 732035, 2193, 0, 0
699, 4, 243, 547, 35, 0, 3.35%, 0, 0, 14, 1059.79, 737612, 2193, 0, 0
704, 4, 330, 548, 35, 0, 3.35%, 0, 0, 14, 1117.14, 743357, 2193, 0, 0
709, 4, 509, 549, 34, 0, 3.35%, 0, 0, 14, 1153.37, 749037, 2194, 0, 0
714, 4, 277, 549, 33, 0, 3.35%, 0, 0, 14, 1100.00, 753662, 2194, 0, 0
720, 4, 413, 549, 31, 0, 3.35%, 0, 0, 14, 1057.84, 759919, 2194, 0, 0
725, 4, 413, 550, 31, 0, 3.35%, 0, 0, 14, 1090.44, 765480, 2194, 0, 0
730, 4, 497, 550, 30, 0, 3.35%, 0, 0, 14, 1127.06, 771352, 2194, 0, 0
735, 4, 292, 552, 32, 0, 3.35%, 0, 0, 14, 986.26, 776301, 2194, 0, 0
741, 4, 425, 553, 31, 0, 3.35%, 0, 0, 14, 1035.73, 781666, 2194, 0, 0
746, 4, 32, 553, 30, 0, 3.35%, 0, 0, 14, 1152.77, 788096, 2194, 0, 0
751, 4, 29, 555, 29, 0, 3.35%, 0, 0, 15, 1177.45, 792622, 2195, 0, 0
757, 4, 526, 555, 28, 0, 3.35%, 0, 0, 15, 1117.77, 798577, 2195, 0, 0
762, 4, 266, 556, 26, 0, 3.39%, 0, 0, 15, 1051.54, 804012, 2224, 0, 0
767, 4, 404, 556, 26, 0, 3.39%, 0, 0, 15, 1110.95, 809511, 2224, 0, 0
772, 4, 452, 556, 23, 0, 3.39%, 0, 0, 15, 1150.96, 815099, 2224, 0, 0
777, 5, 306, 556, 23, 0, 3.39%, 0, 0, 15, 1079.44, 820689, 2224, 0, 0
782, 5, 30, 557, 23, 0, 3.39%, 0, 0, 15, 1059.98, 825276, 2224, 0, 0
787, 5, 258, 557, 23, 0, 3.39%, 0, 0, 15, 1133.63, 830768, 2224, 0, 0
792, 5, 388, 557, 20, 0, 3.39%, 0, 0, 15, 1079.30, 836202, 2224, 0, 0
797, 5, 225, 557, 19, 0, 3.39%, 0, 0, 15, 1173.84, 841960, 2224, 0, 0
803, 5, 457, 557, 19, 0, 3.39%, 0, 0, 15, 1110.73, 847594, 2224, 0, 0
808, 5, 463, 557, 19, 0, 3.39%, 0, 0, 15, 951.10, 852525, 2224, 0, 0
813, 5, 97, 559, 20, 0, 3.39%, 0, 0, 15, 70.78, 858141, 2224, 0, 0
819, 5, 558, 560, 20, 0, 3.39%, 0, 0, 15, 923.68, 863398, 2224, 0, 0
824, 5, 419, 560, 19, 0, 3.39%, 0, 0, 15, 1045.93, 869840, 2224, 0, 0
829, 5, 400, 560, 19, 0, 3.39%, 0, 0, 15, 1146.02, 875827, 2224, 0, 0
834, 5, 130, 560, 19, 0, 3.39%, 0, 0, 15, 1217.14, 881917, 2224, 0, 0
839, 5, 250, 560, 19, 0, 3.39%, 0, 0, 15, 1049.87, 886881, 2224, 0, 0
844, 5, 519, 560, 19, 0, 3.39%, 0, 0, 15, 994.92, 892147, 2224, 0, 0
849, 5, 462, 560, 19, 0, 3.39%, 0, 0, 15, 1126.30, 896519, 2224, 0, 0
854, 5, 559, 561, 20, 0, 3.39%, 0, 0, 15, 1115.23, 902363, 2224, 0, 0
860, 5, 530, 562, 18, 0, 3.40%, 0, 0, 15, 980.03, 907308, 2227, 0, 0
865, 5, 530, 562, 18, 0, 3.40%, 0, 0, 15, 977.33, 912597, 2227, 0, 0
870, 5, 231, 562, 18, 0, 3.40%, 0, 0, 15, 1063.95, 918056, 2227, 0, 0
875, 6, 538, 563, 19, 0, 3.40%, 0, 0, 15, 1256.39, 924511, 2227, 0, 0
880, 6, 419, 563, 19, 0, 3.40%, 0, 0, 15, 1335.00, 929340, 2227, 0, 0
885, 6, 514, 564, 19, 0, 3.40%, 0, 0, 15, 1248.05, 935284, 2227, 0, 0
890, 6, 137, 566, 21, 0, 3.40%, 0, 0, 15, 1108.80, 940679, 2227, 0, 0
895, 6, 446, 569, 22, 0, 3.40%, 0, 0, 15, 1019.54, 945813, 2227, 0, 0
901, 6, 569, 570, 23, 1, 3.47%, 0, 0, 15, 1112.75, 952899, 2275, 0, 0
906, 6, 569, 581, 34, 1, 3.50%, 0, 0, 15, 1102.79, 958296, 2296, 0, 0
911, 6, 569, 582, 35, 1, 3.51%, 0, 0, 15, 1037.44, 963637, 2301, 0, 0
917, 6, 569, 582, 35, 1, 3.51%, 0, 0, 15, 1115.79, 968422, 2301, 0, 0
922, 6, 569, 583, 36, 1, 3.51%, 0, 0, 15, 1119.46, 974126, 2302, 0, 0
927, 6, 569, 583, 36, 1, 3.51%, 0, 0, 15, 1205.34, 980182, 2302, 0, 0
932, 6, 569, 583, 36, 1, 3.51%, 0, 0, 15, 1281.92, 986482, 2302, 0, 0
937, 6, 569, 583, 36, 1, 3.51%, 0, 0, 15, 1082.22, 991826, 2302, 0, 0
942, 6, 569, 583, 36, 1, 3.51%, 0, 0, 15, 1104.42, 997490, 2302, 0, 0
947, 6, 569, 583, 36, 1, 3.51%, 0, 0, 15, 1119.74, 1002330, 2302, 0, 0
953, 6, 581, 584, 35, 9, 3.51%, 0, 0, 15, 1083.66, 1008949, 2302, 0, 0
958, 6, 580, 584, 32, 6, 3.51%, 0, 0, 15, 976.00, 1014641, 2302, 0, 0
963, 6, 538, 584, 24, 0, 3.51%, 0, 0, 15, 1152.77, 1020576, 2302, 0, 0
968, 6, 522, 584, 23, 0, 3.51%, 0, 0, 15, 1192.22, 1026548, 2302, 0, 0
973, 6, 268, 584, 21, 0, 3.51%, 0, 0, 15, 1184.54, 1032359, 2302, 0, 0
979, 6, 63, 584, 20, 0, 3.51%, 0, 0, 15, 78.82, 1037230, 2302, 0, 0
984, 6, 236, 584, 20, 0, 3.51%, 0, 0, 15, 1138.03, 1042934, 2302, 0, 0
989, 6, 214, 584, 19, 0, 3.51%, 0, 0, 15, 1227.18, 1048856, 2302, 0, 0
995, 6, 154, 584, 17, 0, 3.51%, 0, 0, 15, 1046.89, 1054144, 2302, 0, 0
1000, 6, 530, 584, 16, 0, 3.51%, 0, 0, 15, 1091.67, 1059998, 2302, 0, 0
1005, 6, 16, 584, 16, 0, 3.51%, 0, 0, 15, 1157.05, 1065917, 2302, 0, 0
1010, 6, 575, 584, 14, 0, 3.51%, 0, 0, 15, 1109.69, 1071547, 2302, 0, 0
1015, 6, 419, 584, 14, 0, 3.51%, 0, 0, 15, 1074.93, 1076015, 2302, 0, 0
1020, 6, 530, 584, 13, 0, 3.51%, 0, 0, 15, 1042.43, 1081242, 2302, 0, 0
1026, 6, 518, 585, 13, 0, 3.52%, 0, 0, 15, 1100.17, 1088052, 2304, 0, 0
1031, 7, 462, 585, 13, 0, 3.52%, 0, 0, 15, 1141.11, 1093986, 2304, 0, 0
1036, 7, 540, 585, 12, 0, 3.52%, 0, 0, 15, 1122.80, 1099699, 2304, 0, 0
1041, 7, 291, 588, 15, 0, 3.52%, 0, 0, 15, 1144.86, 1105497, 2304, 0, 0
1046, 7, 231, 588, 15, 0, 3.52%, 0, 0, 15, 1276.00, 1110153, 2304, 0, 0
1051, 7, 560, 588, 14, 0, 3.52%, 0, 0, 15, 1172.58, 1115709, 2304, 0, 0
1057, 7, 10, 590, 12, 0, 3.52%, 0, 0, 15, 1091.23, 1120970, 2305, 0, 0
1062, 7, 566, 590, 10, 0, 3.52%, 0, 0, 15, 1021.80, 1126209, 2305, 0, 0
1067, 7, 133, 590, 9, 0, 3.52%, 0, 0, 15, 1019.18, 1131724, 2305, 0, 0
1072, 7, 512, 590, 9, 0, 3.52%, 0, 0, 15, 1133.92, 1137442, 2305, 0, 0
1077, 7, 388, 591, 8, 0, 3.52%, 0, 0, 15, 1107.68, 1143075, 2306, 0, 0
1082, 7, 271, 592, 9, 0, 3.52%, 0, 0, 15, 825.82, 1146970, 2306, 0, 0
1087, 7, 400, 593, 9, 0, 3.53%, 0, 0, 15, 949.35, 1152000, 2312, 0, 0
1092, 7, 258, 593, 9, 0, 3.53%, 0, 0, 15, 999.43, 1157662, 2312, 0, 0
1098, 7, 529, 593, 9, 0, 3.53%, 0, 0, 15, 933.28, 1162473, 2312, 0, 0
1103, 7, 317, 593, 8, 0, 3.53%, 0, 0, 15, 1022.52, 1168401, 2312, 0, 0
1108, 7, 581, 594, 9, 0, 3.53%, 0, 0, 15, 1018.95, 1173725, 2312, 0, 0
1113, 7, 462, 594, 9, 0, 3.53%, 0, 0, 15, 1167.63, 1177629, 2312, 0, 0
1118, 7, 544, 596, 11, 0, 3.53%, 0, 0, 15, 1115.34, 1182682, 2312, 0, 0
1123, 7, 597, 598, 11, 1, 3.53%, 0, 0, 15, 1106.83, 1188023, 2312, 0, 0
1129, 7, 330, 598, 9, 0, 3.53%, 0, 0, 15, 978.84, 1192998, 2312, 0, 0
1134, 7, 554, 598, 9, 0, 3.53%, 0, 0, 15, 1028.77, 1198409, 2312, 0, 0
1139, 8, 581, 599, 9, 0, 3.53%, 0, 0, 15, 1039.15, 1203643, 2313, 0, 0
1144, 8, 5, 600, 10, 0, 3.53%, 0, 0, 15, 969.12, 1208482, 2313, 0, 0
1149, 8, 388, 600, 10, 0, 3.53%, 0, 0, 15, 983.88, 1212446, 2313, 0, 0
1154, 8, 597, 601, 11, 0, 3.55%, 0, 0, 15, 1174.09, 1218327, 2325, 0, 0
1159, 8, 547, 601, 9, 0, 3.55%, 0, 0, 15, 1166.13, 1224309, 2325, 0, 0
1164, 8, 600, 602, 10, 0, 3.55%, 0, 0, 15, 1048.64, 1229562, 2325, 0, 0
1169, 8, 598, 602, 10, 0, 3.55%, 0, 0, 15, 1126.60, 1235211, 2325, 0, 0
1174, 8, 561, 603, 10, 0, 3.55%, 0, 0, 15, 1075.21, 1240480, 2325, 0, 0
1179, 8, 446, 604, 11, 0, 3.55%, 0, 0, 15, 1036.91, 1244798, 2325, 0, 0
1185, 8, 590, 604, 11, 0, 3.55%, 0, 0, 15, 1161.15, 1251175, 2325, 0, 0
1190, 8, 486, 605, 11, 0, 3.55%, 0, 0, 15, 1151.60, 1256944, 2325, 0, 0
1196, 8, 602, 606, 10, 0, 3.56%, 0, 0, 16, 1157.02, 1262840, 2332, 0, 0
1201, 8, 602, 610, 14, 0, 3.56%, 0, 0, 16, 120.57, 1263957, 2332, 0, 0
1206, 8, 602, 611, 15, 0, 3.56%, 0, 0, 16, 134.79, 1264664, 2332, 0, 0
1212, 8, 602, 611, 15, 0, 3.56%, 0, 0, 16, 25.25, 1265420, 2332, 0, 0
1217, 8, 462, 611, 14, 0, 3.56%, 0, 0, 16, 1239.71, 1268628, 2332, 0, 0
1222, 8, 519, 611, 13, 0, 3.56%, 0, 0, 16, 1198.89, 1274358, 2332, 0, 0
1227, 8, 388, 611, 13, 0, 3.56%, 0, 0, 16, 1033.76, 1279311, 2332, 0, 0
1232, 8, 93, 611, 12, 0, 3.56%, 0, 0, 16, 902.58, 1283438, 2332, 0, 0
1237, 8, 214, 611, 12, 0, 3.56%, 0, 0, 16, 1060.55, 1289037, 2332, 0, 0
1242, 8, 609, 611, 12, 0, 3.56%, 0, 0, 16, 70.07, 1291174, 2332, 0, 0
1248, 8, 609, 611, 12, 0, 3.56%, 0, 0, 16, 69.18, 1291446, 2332, 0, 0
1253, 8, 611, 613, 12, 0, 3.56%, 0, 0, 16, 236.30, 1293326, 2334, 0, 0
1258, 8, 611, 615, 14, 0, 3.56%, 0, 0, 16, 65.81, 1294658, 2334, 0, 0
1263, 8, 611, 616, 15, 0, 3.56%, 0, 0, 16, 100.55, 1295230, 2334, 0, 0
1268, 8, 611, 616, 15, 0, 3.56%, 0, 0, 16, 114.13, 1295831, 2334, 0, 0
1273, 8, 611, 616, 15, 0, 3.56%, 0, 0, 16, 117.76, 1296427, 2334, 0, 0
1278, 8, 604, 616, 14, 0, 3.56%, 0, 0, 16, 731.34, 1298584, 2334, 0, 0
1283, 8, 604, 617, 15, 0, 3.56%, 0, 0, 16, 613.45, 1301779, 2334, 0, 0
1288, 8, 447, 618, 14, 0, 3.56%, 0, 0, 16, 637.19, 1305527, 2334, 0, 0
1293, 8, 138, 618, 14, 0, 3.56%, 0, 0, 16, 979.07, 1311083, 2334, 0, 0
1299, 8, 616, 618, 13, 0, 3.56%, 0, 0, 16, 906.77, 1314827, 2334, 0, 0
1304, 8, 87, 619, 12, 0, 3.56%, 0, 0, 16, 939.59, 1318857, 2334, 0, 0
1309, 8, 484, 620, 13, 0, 3.56%, 0, 0, 16, 957.70, 1323923, 2334, 0, 0
1314, 8, 425, 620, 13, 0, 3.56%, 0, 0, 16, 1175.36, 1328715, 2334, 0, 0
1320, 8, 613, 621, 14, 0, 3.56%, 0, 0, 16, 189.05, 1331110, 2334, 0, 0
1325, 8, 104, 622, 13, 0, 3.56%, 0, 0, 16, 1193.97, 1337152, 2334, 0, 0
1330, 9, 618, 622, 13, 0, 3.56%, 0, 0, 16, 1143.16, 1343184, 2334, 0, 0
1335, 9, 79, 623, 13, 0, 3.56%, 0, 0, 16, 900.63, 1346766, 2334, 0, 0
1342, 9, 614, 625, 15, 0, 3.56%, 0, 0, 16, 618.63, 1349198, 2334, 0, 0
1347, 9, 622, 625, 14, 0, 3.56%, 0, 0, 16, 1068.27, 1352256, 2334, 0, 0
1352, 9, 539, 625, 13, 0, 3.56%, 0, 0, 16, 600.28, 1355329, 2334, 0, 0
1357, 9, 623, 625, 13, 0, 3.56%, 0, 0, 16, 102.62, 1358403, 2334, 0, 0
1362, 9, 623, 627, 15, 0, 3.56%, 0, 0, 16, 110.03, 1358997, 2334, 0, 0
1367, 9, 623, 627, 15, 0, 3.56%, 0, 0, 16, 109.55, 1359557, 2334, 0, 0
1373, 9, 291, 627, 13, 0, 3.56%, 0, 0, 16, 1262.46, 1363385, 2334, 0, 0
1378, 9, 615, 628, 14, 0, 3.56%, 0, 0, 16, 37.13, 1366350, 2334, 0, 0
1383, 9, 398, 628, 13, 0, 3.56%, 0, 0, 16, 1118.80, 1372266, 2334, 0, 0
1388, 9, 581, 628, 13, 0, 3.56%, 0, 0, 16, 1021.00, 1377475, 2334, 0, 0
1393, 9, 625, 630, 15, 0, 3.56%, 0, 0, 16, 107.61, 1379464, 2334, 0, 0
1398, 9, 459, 630, 14, 0, 3.56%, 0, 0, 16, 1305.91, 1382470, 2334, 0, 0
1403, 9, 627, 630, 13, 0, 3.56%, 0, 0, 16, 110.52, 1383216, 2334, 0, 0
1408, 9, 627, 630, 13, 0, 3.56%, 0, 0, 16, 98.10, 1383744, 2334, 0, 0
1414, 9, 627, 630, 13, 0, 3.56%, 0, 0, 16, 95.82, 1384142, 2334, 0, 0
1419, 9, 624, 630, 12, 0, 3.56%, 0, 0, 16, 854.21, 1386377, 2334, 0, 0
1424, 9, 602, 630, 11, 0, 3.56%, 0, 0, 16, 200.00, 1391369, 2334, 0, 0
1429, 9, 398, 630, 9, 0, 3.56%, 0, 0, 16, 1365.00, 1396519, 2334, 0, 0
1434, 9, 600, 631, 10, 0, 3.56%, 0, 0, 16, 1115.72, 1401652, 2334, 0, 0
1439, 9, 599, 631, 9, 0, 3.56%, 0, 0, 16, 979.93, 1406170, 2334, 0, 0
1444, 9, 400, 631, 7, 0, 3.56%, 0, 0, 16, 1330.01, 1410860, 2334, 0, 0
1449, 9, 617, 631, 7, 0, 3.56%, 0, 0, 16, 1054.80, 1416250, 2334, 0, 0
1454, 9, 598, 631, 6, 0, 3.56%, 0, 0, 16, 1268.14, 1419888, 2334, 0, 0
1460, 9, 222, 631, 6, 0, 3.56%, 0, 0, 16, 1254.89, 1426075, 2334, 0, 0
1465, 9, 93, 631, 6, 0, 3.56%, 0, 0, 16, 1069.69, 1431383, 2334, 0, 0
1471, 9, 548, 631, 6, 0, 3.56%, 0, 0, 16, 1102.50, 1438712, 2334, 0, 0
1477, 9, 628, 631, 6, 0, 3.56%, 0, 0, 16, 6.36, 1439651, 2334, 0, 0
1482, 9, 452, 631, 5, 0, 3.56%, 0, 0, 16, 696.43, 1442023, 2334, 0, 0
1487, 9, 392, 632, 5, 0, 3.56%, 0, 0, 17, 896.64, 1447156, 2334, 0, 0
1492, 9, 626, 632, 5, 0, 3.56%, 0, 0, 17, 80.24, 1450635, 2334, 0, 0
1497, 9, 530, 632, 4, 0, 3.56%, 0, 0, 17, 601.20, 1452615, 2334, 0, 0
1502, 9, 486, 632, 4, 0, 3.56%, 0, 0, 17, 1007.76, 1458101, 2334, 0, 0
1508, 9, 329, 632, 3, 0, 3.56%, 0, 0, 17, 1012.67, 1463287, 2334, 0, 0
1513, 9, 235, 634, 4, 1, 3.57%, 0, 0, 17, 1210.90, 1468136, 2338, 0, 0
1518, 9, 590, 635, 4, 0, 3.57%, 0, 0, 17, 1163.58, 1473204, 2338, 0, 0
1523, 9, 137, 635, 4, 0, 3.57%, 0, 0, 17, 1113.26, 1478223, 2338, 0, 0
1528, 10, 169, 635, 4, 0, 3.57%, 0, 0, 17, 1142.11, 1483988, 2338, 0, 0
1533, 10, 635, 636, 5, 1, 3.57%, 0, 0, 17, 991.74, 1489248, 2340, 0, 0
1538, 10, 578, 638, 4, 0, 3.57%, 0, 0, 17, 1265.00, 1494124, 2342, 0, 0
1544, 10, 637, 640, 6, 0, 3.57%, 0, 0, 17, 1188.33, 1498421, 2342, 0, 0
1549, 10, 614, 640, 6, 0, 3.57%, 0, 0, 17, 147.17, 1503371, 2342, 0, 0
1554, 10, 331, 641, 6, 0, 3.57%, 0, 0, 17, 1063.39, 1509078, 2342, 0, 0
1559, 10, 446, 641, 6, 0, 3.57%, 0, 0, 17, 1303.37, 1514333, 2342, 0, 0
1564, 10, 611, 641, 5, 0, 3.57%, 0, 0, 17, 1135.31, 1519746, 2342, 0, 0
1569, 10, 636, 642, 6, 0, 3.57%, 0, 0, 17, 1111.49, 1524586, 2342, 0, 0
1574, 10, 237, 643, 6, 0, 3.58%, 0, 0, 17, 1103.34, 1530332, 2349, 0, 0
1579, 10, 88, 643, 5, 0, 3.58%, 0, 0, 17, 1120.39, 1534704, 2349, 0, 0
1584, 10, 133, 643, 5, 0, 3.58%, 0, 0, 17, 1156.41, 1540242, 2349, 0, 0
1590, 10, 457, 644, 5, 0, 3.59%, 0, 0, 17, 1112.87, 1545898, 2353, 0, 0
1595, 10, 492, 645, 5, 0, 3.60%, 0, 0, 17, 1096.80, 1551192, 2359, 0, 0
1601, 10, 642, 645, 4, 0, 3.60%, 0, 0, 17, 920.99, 1556612, 2359, 0, 0
1606, 10, 266, 646, 4, 0, 3.61%, 0, 0, 17, 1060.05, 1562337, 2369, 0, 0
1612, 10, 331, 646, 4, 0, 3.61%, 0, 0, 17, 990.21, 1566702, 2369, 0, 0
1618, 10, 283, 646, 4, 0, 3.61%, 0, 0, 17, 1022.90, 1573449, 2369, 0, 0
1623, 10, 222, 646, 4, 0, 3.61%, 0, 0, 17, 1055.35, 1578808, 2369, 0, 0
1628, 10, 478, 646, 4, 0, 3.61%, 0, 0, 17, 972.77, 1583795, 2369, 0, 0
1633, 10, 214, 646, 4, 0, 3.61%, 0, 0, 17, 1046.56, 1589441, 2369, 0, 0
1638, 10, 392, 646, 4, 0, 3.61%, 0, 0, 17, 1026.03, 1594210, 2369, 0, 0
1643, 10, 644, 646, 3, 0, 3.61%, 0, 0, 17, 1013.38, 1598558, 2369, 0, 0
1648, 10, 227, 646, 3, 0, 3.61%, 0, 0, 17, 1158.08, 1604443, 2369, 0, 0
1653, 10, 397, 646, 3, 0, 3.61%, 0, 0, 17, 1173.75, 1610233, 2369, 0, 0
1658, 11, 598, 646, 3, 0, 3.61%, 0, 0, 17, 1073.54, 1615540, 2369, 0, 0
1664, 11, 462, 646, 3, 0, 3.61%, 0, 0, 17, 944.17, 1620351, 2369, 0, 0
1669, 11, 270, 646, 3, 0, 3.61%, 0, 0, 17, 1063.53, 1626616, 2369, 0, 0
1674, 11, 463, 648, 5, 0, 3.61%, 0, 0, 17, 1151.02, 1632494, 2369, 0, 0
1679, 11, 517, 648, 5, 0, 3.61%, 0, 0, 17, 1138.38, 1637019, 2369, 0, 0
1684, 11, 584, 649, 6, 0, 3.61%, 0, 0, 17, 1126.15, 1642445, 2369, 0, 0
1689, 11, 446, 649, 6, 0, 3.61%, 0, 0, 17, 1315.50, 1647105, 2369, 0, 0
1694, 11, 642, 649, 6, 0, 3.61%, 0, 0, 17, 1068.22, 1652324, 2369, 0, 0
1701, 11, 140, 650, 6, 0, 3.61%, 0, 0, 18, 1032.94, 1659143, 2369, 0, 0
1706, 11, 388, 650, 5, 0, 3.61%, 0, 0, 18, 1055.51, 1664281, 2369, 0, 0
1711, 11, 623, 650, 5, 0, 3.61%, 0, 0, 18, 103.66, 1667857, 2369, 0, 0
1717, 11, 643, 650, 4, 0, 3.61%, 0, 0, 18, 978.76, 1673683, 2369, 0, 0
1722, 11, 376, 650, 3, 0, 3.61%, 0, 0, 18, 1078.19, 1679235, 2369, 0, 0
1727, 11, 442, 650, 3, 0, 3.61%, 0, 0, 18, 1097.87, 1684859, 2369, 0, 0
1732, 11, 214, 650, 3, 0, 3.61%, 0, 0, 18, 1081.44, 1690134, 2369, 0, 0
1737, 11, 462, 650, 3, 0, 3.61%, 0, 0, 18, 993.18, 1695323, 2369, 0, 0
1743, 11, 448, 650, 3, 0, 3.61%, 0, 0, 18, 691.97, 1700070, 2369, 0, 0
1748, 11, 605, 650, 3, 0, 3.61%, 0, 0, 18, 1073.49, 1705809, 2369, 0, 0
1753, 11, 419, 650, 3, 0, 3.61%, 0, 0, 18, 1092.85, 1711414, 2369, 0, 0
1758, 11, 309, 650, 3, 0, 3.61%, 0, 0, 18, 1168.29, 1717218, 2369, 0, 0
1763, 11, 598, 651, 4, 0, 3.62%, 0, 0, 18, 1170.14, 1723230, 2370, 0, 0
1768, 11, 650, 651, 3, 0, 3.62%, 0, 0, 18, 1060.09, 1728672, 2370, 0, 0
1773, 11, 651, 652, 4, 1, 3.62%, 0, 0, 18, 1130.73, 1734689, 2374, 0, 0
1778, 11, 651, 662, 14, 1, 3.62%, 0, 0, 18, 1128.98, 1739269, 2374, 0, 0
1783, 11, 651, 663, 15, 1, 3.62%, 0, 0, 18, 1071.55, 1744447, 2374, 0, 0
1789, 11, 40, 663, 13, 0, 3.62%, 0, 0, 18, 1105.44, 1750393, 2374, 0, 0
1794, 11, 388, 663, 13, 0, 3.62%, 0, 0, 18, 1038.97, 1755493, 2374, 0, 0
1799, 11, 657, 664, 13, 0, 3.62%, 0, 0, 18, 1030.82, 1760762, 2374, 0, 0
1800, 11, 538, 664, 13, 0, 3.62%, 0, 0, 18, 1111.91, 1761950, 2374, 0, 0
