# relative_time, cycles_done, cur_item, corpus_count, pending_total, pending_favs, map_size, saved_crashes, saved_hangs, max_depth, execs_per_sec, total_execs, edges_found, total_crashes, servers_count
61, 1, 83, 186, 56, 0, 2.45%, 0, 0, 4, 1592.46, 97026, 1605, 0, 0
66, 1, 27, 189, 49, 0, 2.45%, 0, 0, 5, 1568.87, 104872, 1605, 0, 0
71, 1, 131, 193, 44, 0, 2.46%, 0, 0, 6, 1564.29, 113024, 1611, 0, 0
77, 1, 53, 194, 35, 0, 2.47%, 0, 0, 6, 1559.53, 120838, 1616, 0, 0
82, 1, 131, 197, 29, 0, 2.47%, 0, 0, 6, 1585.49, 128901, 1622, 0, 0
87, 2, 62, 197, 23, 0, 2.47%, 0, 0, 6, 1591.19, 137122, 1622, 0, 0
92, 2, 200, 201, 21, 1, 2.52%, 0, 0, 6, 1560.54, 146027, 1651, 0, 0
97, 2, 77, 205, 16, 0, 2.52%, 0, 0, 6, 1579.47, 154013, 1653, 0, 0
102, 3, 73, 205, 14, 0, 2.52%, 0, 0, 6, 1569.48, 161835, 1653, 0, 0
107, 3, 111, 205, 13, 0, 2.52%, 0, 0, 6, 1572.74, 169786, 1653, 0, 0
113, 3, 198, 207, 13, 0, 2.52%, 0, 0, 6, 1596.67, 178267, 1654, 0, 0
118, 3, 37, 209, 11, 0, 2.53%, 0, 0, 6, 1587.81, 186486, 1661, 0, 0
123, 4, 158, 215, 13, 0, 2.56%, 0, 0, 7, 1503.80, 194249, 1676, 0, 0
128, 4, 63, 216, 11, 0, 2.56%, 0, 0, 7, 1566.50, 202433, 1678, 0, 0
133, 4, 215, 217, 10, 0, 2.56%, 0, 0, 7, 1592.72, 210599, 1678, 0, 0
139, 4, 81, 218, 9, 0, 2.57%, 0, 0, 7, 1600.91, 218835, 1686, 0, 0
144, 5, 131, 218, 8, 0, 2.57%, 0, 0, 7, 1600.50, 227086, 1686, 0, 0
149, 5, 170, 218, 8, 0, 2.57%, 0, 0, 7, 1563.58, 234967, 1686, 0, 0
154, 5, 218, 219, 8, 0, 2.57%, 0, 0, 7, 1595.05, 243058, 1686, 0, 0
159, 6, 86, 219, 6, 0, 2.57%, 0, 0, 7, 1596.94, 251305, 1686, 0, 0
164, 6, 8, 220, 6, 0, 2.57%, 0, 0, 7, 1599.76, 259378, 1686, 0, 0
169, 6, 177, 221, 5, 0, 2.58%, 0, 0, 7, 1549.94, 267028, 1694, 0, 0
174, 6, 89, 221, 5, 0, 2.58%, 0, 0, 7, 1572.03, 275335, 1694, 0, 0
179, 7, 56, 223, 5, 0, 2.60%, 0, 0, 7, 1597.56, 283571, 1704, 0, 0
184, 7, 115, 223, 5, 0, 2.60%, 0, 0, 7, 1476.04, 290944, 1704, 0, 0
190, 7, 145, 224, 5, 0, 2.60%, 0, 0, 7, 1573.99, 299293, 1704, 0, 0
195, 8, 215, 224, 5, 0, 2.60%, 0, 0, 7, 1566.97, 307226, 1704, 0, 0
200, 8, 50, 224, 5, 0, 2.60%, 0, 0, 7, 1559.55, 315376, 1704, 0, 0
205, 8, 7, 224, 5, 0, 2.60%, 0, 0, 7, 1530.53, 323188, 1704, 0, 0
210, 8, 212, 226, 6, 0, 2.61%, 0, 0, 7, 1466.86, 330458, 1708, 0, 0
215, 8, 44, 226, 4, 0, 2.61%, 0, 0, 7, 1533.81, 338713, 1708, 0, 0
220, 9, 226, 227, 4, 0, 2.61%, 0, 0, 7, 1595.30, 347064, 1713, 0, 0
225, 9, 125, 227, 4, 0, 2.61%, 0, 0, 7, 1546.54, 354625, 1713, 0, 0
230, 9, 226, 227, 4, 0, 2.61%, 0, 0, 7, 1516.82, 362309, 1713, 0, 0
236, 9, 221, 229, 4, 0, 2.62%, 0, 0, 7, 1550.93, 370467, 1715, 0, 0
241, 10, 75, 229, 3, 0, 2.62%, 0, 0, 7, 1599.85, 378628, 1715, 0, 0
246, 10, 75, 229, 2, 0, 2.62%, 0, 0, 7, 1570.25, 386816, 1715, 0, 0
251, 10, 128, 229, 2, 0, 2.62%, 0, 0, 7, 1577.42, 394973, 1715, 0, 0
257, 11, 67, 231, 4, 0, 2.62%, 0, 0, 7, 1599.50, 403847, 1715, 0, 0
262, 11, 230, 232, 4, 0, 2.62%, 0, 0, 7, 1621.73, 412299, 1715, 0, 0
267, 11, 118, 233, 4, 0, 2.62%, 0, 0, 7, 1603.67, 420358, 1715, 0, 0
272, 11, 111, 234, 5, 0, 2.62%, 0, 0, 7, 1618.45, 428479, 1715, 0, 0
277, 12, 195, 234, 4, 0, 2.62%, 0, 0, 7, 1543.46, 436031, 1715, 0, 0
282, 12, 91, 234, 3, 0, 2.62%, 0, 0, 7, 1594.78, 444331, 1715, 0, 0
287, 12, 184, 235, 3, 0, 2.62%, 0, 0, 7, 1593.59, 452365, 1717, 0, 0
292, 12, 221, 238, 5, 0, 2.68%, 0, 0, 7, 1580.66, 460265, 1757, 0, 0
297, 13, 9, 239, 5, 0, 2.68%, 0, 0, 7, 1604.19, 468653, 1757, 0, 0
303, 13, 238, 239, 4, 0, 2.68%, 0, 0, 7, 1601.06, 476933, 1757, 0, 0
308, 13, 200, 239, 3, 0, 2.68%, 0, 0, 7, 1612.26, 485238, 1757, 0, 0
313, 13, 34, 239, 3, 0, 2.68%, 0, 0, 7, 1587.86, 494181, 1757, 0, 0
318, 14, 42, 239, 3, 0, 2.68%, 0, 0, 7, 1526.12, 501946, 1757, 0, 0
323, 14, 146, 239, 3, 0, 2.68%, 0, 0, 7, 1583.49, 509969, 1757, 0, 0
328, 14, 118, 240, 4, 0, 2.68%, 0, 0, 7, 1596.91, 517945, 1757, 0, 0
333, 14, 158, 240, 4, 0, 2.68%, 0, 0, 7, 1608.83, 526064, 1757, 0, 0
339, 15, 82, 240, 3, 0, 2.68%, 0, 0, 7, 1602.03, 534370, 1757, 0, 0
344, 15, 173, 242, 4, 0, 2.68%, 0, 0, 7, 1554.93, 542208, 1757, 0, 0
349, 15, 154, 243, 4, 0, 2.70%, 0, 0, 8, 1587.41, 550223, 1768, 0, 0
354, 15, 45, 243, 4, 0, 2.70%, 0, 0, 8, 1524.62, 557874, 1768, 0, 0
359, 15, 46, 243, 4, 0, 2.70%, 0, 0, 8, 1589.95, 566165, 1768, 0, 0
364, 16, 222, 243, 4, 0, 2.70%, 0, 0, 8, 1613.30, 574317, 1768, 0, 0
369, 16, 7, 243, 4, 0, 2.70%, 0, 0, 8, 1527.21, 582008, 1768, 0, 0
374, 16, 97, 243, 4, 0, 2.70%, 0, 0, 8, 1536.96, 589892, 1768, 0, 0
379, 16, 237, 243, 4, 0, 2.70%, 0, 0, 8, 1529.59, 597377, 1768, 0, 0
384, 16, 242, 244, 5, 0, 2.70%, 0, 0, 9, 1594.03, 605439, 1769, 0, 0
389, 17, 136, 244, 4, 0, 2.70%, 0, 0, 9, 1608.16, 613451, 1769, 0, 0
394, 17, 187, 245, 3, 0, 2.70%, 0, 0, 9, 1554.27, 621232, 1769, 0, 0
399, 17, 105, 245, 3, 0, 2.70%, 0, 0, 9, 1577.38, 629446, 1769, 0, 0
404, 17, 160, 245, 3, 0, 2.70%, 0, 0, 9, 1466.09, 636696, 1769, 0, 0
409, 17, 120, 246, 3, 0, 2.70%, 0, 0, 9, 1568.76, 644672, 1769, 0, 0
414, 18, 71, 246, 3, 0, 2.70%, 0, 0, 9, 1600.08, 652791, 1769, 0, 0
420, 18, 192, 246, 3, 0, 2.70%, 0, 0, 9, 1602.44, 660999, 1769, 0, 0
425, 18, 228, 246, 3, 0, 2.70%, 0, 0, 9, 1539.22, 668958, 1769, 0, 0
430, 18, 226, 246, 3, 0, 2.70%, 0, 0, 9, 1572.03, 676838, 1769, 0, 0
435, 18, 245, 248, 4, 0, 2.70%, 0, 0, 9, 1562.64, 684489, 1772, 0, 0
440, 19, 93, 248, 3, 0, 2.70%, 0, 0, 9, 1512.47, 691971, 1772, 0, 0
445, 19, 115, 248, 3, 0, 2.70%, 0, 0, 9, 1551.91, 700006, 1772, 0, 0
450, 19, 246, 248, 3, 0, 2.70%, 0, 0, 9, 1600.07, 708200, 1772, 0, 0
455, 19, 236, 248, 3, 0, 2.70%, 0, 0, 9, 1592.95, 716218, 1772, 0, 0
460, 19, 197, 249, 4, 0, 2.70%, 0, 0, 9, 1530.25, 723862, 1772, 0, 0
465, 20, 43, 250, 5, 0, 2.70%, 0, 0, 9, 1607.79, 732225, 1772, 0, 0
471, 20, 73, 250, 5, 0, 2.70%, 0, 0, 9, 1597.59, 740546, 1772, 0, 0
476, 20, 249, 250, 4, 0, 2.70%, 0, 0, 9, 1610.44, 748849, 1772, 0, 0
481, 20, 83, 251, 3, 0, 2.70%, 0, 0, 9, 1589.07, 756766, 1772, 0, 0
486, 21, 142, 251, 3, 0, 2.70%, 0, 0, 9, 1596.98, 765037, 1772, 0, 0
491, 21, 97, 252, 4, 0, 2.70%, 0, 0, 9, 1603.49, 773376, 1772, 0, 0
496, 21, 250, 252, 4, 0, 2.70%, 0, 0, 9, 1601.19, 781739, 1772, 0, 0
501, 21, 100, 252, 3, 0, 2.70%, 0, 0, 9, 1590.96, 789700, 1772, 0, 0
507, 21, 172, 254, 3, 0, 2.71%, 0, 0, 9, 1591.91, 797899, 1774, 0, 0
512, 22, 251, 255, 3, 0, 2.71%, 0, 0, 9, 1594.48, 805950, 1777, 0, 0
517, 22, 228, 256, 2, 0, 2.73%, 0, 0, 9, 1591.76, 814349, 1786, 0, 0
522, 22, 64, 256, 2, 0, 2.73%, 0, 0, 9, 1592.26, 822361, 1786, 0, 0
527, 22, 252, 257, 2, 0, 2.73%, 0, 0, 9, 1533.72, 830287, 1787, 0, 0
532, 22, 256, 258, 3, 0, 2.73%, 0, 0, 9, 1553.55, 838260, 1787, 0, 0
537, 22, 253, 259, 3, 0, 2.73%, 0, 0, 9, 1581.10, 846423, 1787, 0, 0
542, 23, 162, 259, 3, 0, 2.73%, 0, 0, 9, 1583.23, 854405, 1787, 0, 0
547, 23, 200, 261, 5, 0, 2.73%, 0, 0, 9, 1593.10, 862386, 1787, 0, 0
552, 23, 183, 263, 6, 0, 2.73%, 0, 0, 10, 1561.14, 870270, 1787, 0, 0
557, 23, 200, 264, 5, 0, 2.73%, 0, 0, 10, 1567.77, 878063, 1790, 0, 0
562, 23, 215, 266, 5, 0, 2.74%, 0, 0, 10, 1553.77, 885945, 1794, 0, 0
567, 23, 98, 266, 5, 0, 2.74%, 0, 0, 10, 1560.63, 893890, 1794, 0, 0
572, 23, 91, 267, 5, 0, 2.78%, 0, 0, 10, 1587.67, 901947, 1819, 0, 0
578, 24, 267, 269, 7, 1, 2.78%, 0, 0, 10, 1543.58, 910086, 1823, 0, 0
583, 24, 256, 269, 5, 0, 2.78%, 0, 0, 10, 1564.19, 918096, 1823, 0, 0
588, 24, 236, 270, 5, 0, 2.78%, 0, 0, 11, 1552.01, 926243, 1823, 0, 0
593, 24, 269, 271, 6, 0, 2.78%, 0, 0, 12, 1568.65, 934303, 1823, 0, 0
598, 24, 184, 271, 6, 0, 2.78%, 0, 0, 12, 1581.10, 942269, 1823, 0, 0
603, 24, 269, 272, 6, 0, 2.78%, 0, 0, 12, 1555.14, 950385, 1824, 0, 0
608, 24, 272, 278, 12, 1, 2.79%, 0, 0, 12, 1497.35, 957864, 1829, 0, 0
614, 24, 218, 278, 9, 0, 2.79%, 0, 0, 12, 1509.21, 965663, 1829, 0, 0
619, 25, 264, 278, 8, 0, 2.79%, 0, 0, 12, 1466.84, 973105, 1829, 0, 0
624, 25, 234, 285, 15, 0, 2.79%, 0, 0, 12, 1578.84, 981313, 1829, 0, 0
629, 25, 276, 285, 13, 0, 2.79%, 0, 0, 12, 1580.48, 989404, 1829, 0, 0
634, 25, 283, 287, 14, 0, 2.79%, 0, 0, 12, 1563.87, 997375, 1830, 0, 0
639, 25, 9, 288, 12, 0, 2.79%, 0, 0, 12, 1577.84, 1005289, 1830, 0, 0
644, 25, 296, 300, 20, 5, 2.90%, 0, 0, 12, 1554.73, 1013314, 1902, 0, 0
649, 25, 296, 302, 22, 5, 2.91%, 0, 0, 12, 1544.35, 1021126, 1904, 0, 0
654, 25, 294, 302, 16, 4, 2.91%, 0, 0, 12, 1533.10, 1029014, 1904, 0, 0
660, 25, 269, 303, 12, 0, 2.91%, 0, 0, 12, 1562.39, 1037161, 1904, 0, 0
665, 25, 287, 304, 13, 0, 2.91%, 0, 0, 12, 1208.36, 1043778, 1904, 0, 0
670, 25, 200, 304, 12, 0, 2.91%, 0, 0, 12, 1440.20, 1051600, 1904, 0, 0
675, 25, 152, 304, 11, 0, 2.91%, 0, 0, 12, 1511.56, 1059409, 1904, 0, 0
680, 25, 305, 307, 13, 0, 2.91%, 0, 0, 12, 1423.64, 1066408, 1904, 0, 0
685, 26, 306, 309, 14, 0, 2.91%, 0, 0, 12, 1410.12, 1073476, 1907, 0, 0
690, 26, 8, 309, 12, 0, 2.91%, 0, 0, 12, 1402.62, 1080656, 1907, 0, 0
695, 26, 136, 309, 11, 0, 2.91%, 0, 0, 12, 1398.60, 1087913, 1907, 0, 0
700, 26, 306, 309, 10, 0, 2.91%, 0, 0, 12, 1492.52, 1095649, 1907, 0, 0
705, 26, 306, 309, 9, 0, 2.91%, 0, 0, 12, 1486.42, 1103346, 1907, 0, 0
711, 26, 242, 309, 9, 0, 2.91%, 0, 0, 12, 1491.90, 1110934, 1907, 0, 0
716, 26, 275, 309, 9, 0, 2.91%, 0, 0, 12, 1407.48, 1118098, 1907, 0, 0
721, 26, 273, 309, 7, 0, 2.91%, 0, 0, 12, 1491.43, 1125560, 1907, 0, 0
726, 27, 224, 309, 6, 0, 2.91%, 0, 0, 12, 1479.29, 1133145, 1907, 0, 0
731, 27, 232, 310, 7, 0, 2.91%, 0, 0, 12, 1406.55, 1140007, 1907, 0, 0
737, 27, 228, 310, 7, 0, 2.91%, 0, 0, 12, 1478.41, 1147737, 1907, 0, 0
742, 27, 262, 310, 6, 0, 2.91%, 0, 0, 12, 1414.54, 1154679, 1907, 0, 0
747, 27, 256, 310, 5, 0, 2.91%, 0, 0, 12, 1456.15, 1162387, 1907, 0, 0
752, 27, 228, 311, 5, 0, 2.92%, 0, 0, 12, 1419.38, 1169568, 1911, 0, 0
758, 27, 303, 311, 5, 0, 2.92%, 0, 0, 12, 1391.42, 1176745, 1911, 0, 0
763, 28, 255, 311, 4, 0, 2.92%, 0, 0, 12, 1425.67, 1183894, 1911, 0, 0
768, 28, 215, 311, 4, 0, 2.92%, 0, 0, 12, 1416.71, 1191226, 1911, 0, 0
773, 28, 163, 311, 4, 0, 2.92%, 0, 0, 12, 1421.24, 1198529, 1911, 0, 0
778, 28, 143, 311, 4, 0, 2.92%, 0, 0, 12, 1501.24, 1206080, 1911, 0, 0
783, 28, 165, 312, 5, 0, 2.92%, 0, 0, 12, 1426.34, 1213242, 1911, 0, 0
788, 28, 263, 312, 5, 0, 2.92%, 0, 0, 12, 1401.46, 1220454, 1911, 0, 0
793, 28, 163, 313, 5, 0, 2.92%, 0, 0, 12, 1490.96, 1228132, 1911, 0, 0
798, 28, 137, 313, 5, 0, 2.92%, 0, 0, 12, 1538.86, 1236053, 1911, 0, 0
803, 29, 312, 313, 5, 0, 2.92%, 0, 0, 12, 1475.18, 1243500, 1911, 0, 0
809, 29, 75, 314, 5, 0, 2.92%, 0, 0, 12, 1387.68, 1250581, 1911, 0, 0
814, 29, 100, 315, 5, 0, 2.93%, 0, 0, 12, 1397.62, 1257890, 1917, 0, 0
819, 29, 310, 315, 5, 0, 2.93%, 0, 0, 12, 1453.49, 1265411, 1917, 0, 0
824, 29, 183, 315, 5, 0, 2.93%, 0, 0, 12, 1457.40, 1272759, 1917, 0, 0
829, 29, 227, 315, 4, 0, 2.93%, 0, 0, 12, 1385.03, 1279532, 1917, 0, 0
834, 29, 267, 315, 4, 0, 2.93%, 0, 0, 12, 1398.52, 1286795, 1917, 0, 0
839, 30, 221, 317, 4, 0, 2.95%, 0, 0, 12, 1527.25, 1294613, 1932, 0, 0
844, 30, 306, 317, 4, 0, 2.95%, 0, 0, 12, 1426.80, 1301863, 1932, 0, 0
849, 30, 92, 317, 3, 0, 2.95%, 0, 0, 12, 1523.36, 1309701, 1932, 0, 0
854, 30, 300, 317, 3, 0, 2.95%, 0, 0, 12, 1499.67, 1317208, 1932, 0, 0
859, 30, 183, 317, 3, 0, 2.95%, 0, 0, 12, 1532.01, 1324971, 1932, 0, 0
865, 30, 124, 317, 3, 0, 2.95%, 0, 0, 12, 1558.69, 1333013, 1932, 0, 0
870, 30, 8, 317, 3, 0, 2.95%, 0, 0, 12, 1547.71, 1340882, 1932, 0, 0
875, 31, 120, 318, 4, 0, 2.95%, 0, 0, 12, 1550.58, 1348691, 1932, 0, 0
880, 31, 254, 318, 3, 0, 2.95%, 0, 0, 12, 1555.27, 1356445, 1932, 0, 0
885, 31, 49, 319, 4, 0, 2.95%, 0, 0, 12, 1570.47, 1364228, 1932, 0, 0
890, 31, 319, 320, 5, 0, 2.95%, 0, 0, 12, 1564.08, 1372327, 1932, 0, 0
895, 31, 310, 321, 4, 0, 2.95%, 0, 0, 12, 1557.87, 1380387, 1932, 0, 0
900, 31, 271, 322, 4, 0, 2.95%, 0, 0, 12, 1556.80, 1388475, 1932, 0, 0
906, 31, 277, 322, 3, 0, 2.95%, 0, 0, 12, 1552.25, 1396699, 1932, 0, 0
911, 32, 263, 322, 3, 0, 2.95%, 0, 0, 12, 1547.79, 1404404, 1932, 0, 0
916, 32, 283, 322, 3, 0, 2.95%, 0, 0, 12, 1570.66, 1412310, 1932, 0, 0
921, 32, 299, 322, 3, 0, 2.95%, 0, 0, 12, 1515.99, 1419934, 1932, 0, 0
926, 32, 75, 322, 3, 0, 2.95%, 0, 0, 12, 1548.37, 1427832, 1932, 0, 0
931, 32, 183, 322, 3, 0, 2.95%, 0, 0, 12, 1554.49, 1435607, 1932, 0, 0
936, 32, 103, 323, 2, 0, 2.95%, 0, 0, 12, 1551.32, 1443409, 1932, 0, 0
942, 32, 279, 323, 2, 0, 2.95%, 0, 0, 12, 1545.92, 1452070, 1932, 0, 0
947, 33, 300, 323, 2, 0, 2.95%, 0, 0, 12, 1550.20, 1460169, 1932, 0, 0
952, 33, 255, 323, 2, 0, 2.95%, 0, 0, 12, 1549.48, 1467966, 1932, 0, 0
957, 33, 252, 324, 3, 0, 2.95%, 0, 0, 12, 1562.54, 1475907, 1932, 0, 0
962, 33, 218, 324, 3, 0, 2.95%, 0, 0, 12, 1545.75, 1483828, 1932, 0, 0
967, 33, 284, 325, 3, 0, 2.95%, 0, 0, 12, 1549.56, 1491793, 1932, 0, 0
972, 33, 321, 325, 3, 0, 2.95%, 0, 0, 12, 1554.13, 1499734, 1932, 0, 0
977, 33, 325, 329, 7, 1, 2.95%, 0, 0, 12, 1545.65, 1507655, 1932, 0, 0
983, 33, 283, 329, 6, 0, 2.95%, 0, 0, 12, 1531.12, 1515677, 1932, 0, 0
988, 34, 322, 329, 6, 0, 2.95%, 0, 0, 12, 1541.51, 1524174, 1932, 0, 0
993, 34, 322, 331, 8, 0, 2.95%, 0, 0, 12, 1519.91, 1531743, 1932, 0, 0
998, 34, 285, 332, 9, 0, 2.95%, 0, 0, 12, 1537.16, 1539561, 1932, 0, 0
1003, 34, 299, 332, 8, 0, 2.95%, 0, 0, 12, 1552.01, 1547903, 1932, 0, 0
1009, 34, 253, 332, 6, 0, 2.95%, 0, 0, 12, 1518.08, 1555635, 1932, 0, 0
1014, 34, 327, 335, 9, 0, 2.95%, 0, 0, 12, 1544.60, 1563466, 1932, 0, 0
1019, 34, 162, 336, 7, 0, 2.95%, 0, 0, 12, 1557.00, 1571402, 1932, 0, 0
1024, 34, 331, 337, 8, 0, 2.95%, 0, 0, 13, 1552.52, 1579232, 1932, 0, 0
1029, 34, 291, 337, 6, 0, 2.95%, 0, 0, 13, 1562.74, 1587312, 1932, 0, 0
1035, 34, 335, 338, 6, 0, 2.95%, 0, 0, 13, 1541.86, 1596275, 1932, 0, 0
1040, 34, 253, 338, 6, 0, 2.95%, 0, 0, 13, 1544.59, 1604020, 1932, 0, 0
1045, 35, 294, 338, 6, 0, 2.95%, 0, 0, 13, 1544.05, 1611968, 1932, 0, 0
1050, 35, 293, 339, 4, 0, 2.95%, 0, 0, 13, 1540.79, 1619682, 1933, 0, 0
1055, 35, 333, 340, 5, 0, 2.95%, 0, 0, 13, 1542.80, 1627617, 1933, 0, 0
1060, 35, 284, 341, 4, 0, 2.95%, 0, 0, 13, 1506.27, 1635185, 1933, 0, 0
1065, 35, 338, 342, 4, 0, 2.95%, 0, 0, 13, 1546.91, 1643169, 1933, 0, 0
1070, 35, 86, 342, 4, 0, 2.95%, 0, 0, 13, 1553.67, 1650942, 1933, 0, 0
1075, 35, 339, 342, 3, 0, 2.95%, 0, 0, 13, 1553.43, 1658967, 1933, 0, 0
1080, 35, 338, 343, 4, 0, 2.95%, 0, 0, 13, 1539.86, 1666661, 1933, 0, 0
1085, 35, 284, 344, 5, 0, 2.95%, 0, 0, 13, 1514.07, 1674395, 1933, 0, 0
1090, 36, 115, 344, 5, 0, 2.95%, 0, 0, 13, 1548.29, 1682240, 1933, 0, 0
1096, 36, 342, 344, 5, 0, 2.95%, 0, 0, 13, 977.76, 1685751, 1933, 0, 0
1101, 36, 105, 344, 4, 0, 2.95%, 0, 0, 13, 1381.58, 1693103, 1933, 0, 0
1106, 36, 337, 344, 4, 0, 2.95%, 0, 0, 13, 1389.46, 1700355, 1933, 0, 0
1111, 36, 80, 344, 3, 0, 2.95%, 0, 0, 13, 1356.64, 1707398, 1933, 0, 0
1116, 36, 255, 344, 2, 0, 2.95%, 0, 0, 13, 1426.88, 1714805, 1933, 0, 0
1121, 36, 339, 344, 2, 0, 2.95%, 0, 0, 13, 1434.93, 1722212, 1933, 0, 0
1126, 36, 7, 344, 2, 0, 2.95%, 0, 0, 13, 1453.39, 1729481, 1933, 0, 0
1131, 37, 67, 344, 2, 0, 2.95%, 0, 0, 13, 1389.29, 1736332, 1933, 0, 0
1136, 37, 184, 344, 2, 0, 2.95%, 0, 0, 13, 1408.06, 1743317, 1933, 0, 0
1141, 37, 297, 344, 1, 0, 2.95%, 0, 0, 13, 1489.96, 1750976, 1933, 0, 0
1146, 37, 291, 344, 1, 0, 2.95%, 0, 0, 13, 1392.47, 1757904, 1933, 0, 0
1151, 37, 215, 344, 1, 0, 2.95%, 0, 0, 13, 1381.53, 1765015, 1933, 0, 0
1157, 37, 141, 344, 1, 0, 2.95%, 0, 0, 13, 1403.13, 1772288, 1933, 0, 0
1162, 37, 76, 345, 2, 0, 2.95%, 0, 0, 13, 1420.10, 1779582, 1933, 0, 0
1167, 37, 322, 345, 2, 0, 2.95%, 0, 0, 13, 1393.40, 1786589, 1933, 0, 0
1172, 37, 262, 345, 2, 0, 2.95%, 0, 0, 13, 1375.59, 1793769, 1933, 0, 0
1177, 38, 271, 345, 2, 0, 2.95%, 0, 0, 13, 1410.08, 1801164, 1933, 0, 0
1182, 38, 271, 345, 2, 0, 2.95%, 0, 0, 13, 1469.56, 1808550, 1933, 0, 0
1187, 38, 339, 346, 3, 0, 2.95%, 0, 0, 13, 1414.34, 1815771, 1933, 0, 0
1192, 38, 338, 346, 3, 0, 2.95%, 0, 0, 13, 1431.87, 1823025, 1933, 0, 0
1197, 38, 345, 346, 3, 0, 2.95%, 0, 0, 13, 1433.93, 1830456, 1933, 0, 0
1202, 38, 218, 347, 3, 0, 2.95%, 0, 0, 13, 1501.45, 1838140, 1933, 0, 0
1208, 38, 255, 347, 3, 0, 2.95%, 0, 0, 13, 1499.62, 1845569, 1933, 0, 0
1213, 38, 226, 347, 3, 0, 2.95%, 0, 0, 13, 1399.73, 1852740, 1933, 0, 0
1218, 39, 152, 347, 3, 0, 2.95%, 0, 0, 13, 1384.63, 1859881, 1933, 0, 0
1223, 39, 344, 347, 3, 0, 2.95%, 0, 0, 13, 1360.37, 1867182, 1933, 0, 0
1228, 39, 253, 347, 2, 0, 2.95%, 0, 0, 13, 1396.14, 1874361, 1933, 0, 0
1233, 39, 9, 348, 2, 0, 2.95%, 0, 0, 13, 1466.99, 1881982, 1933, 0, 0
1238, 39, 237, 348, 2, 0, 2.95%, 0, 0, 13, 1454.89, 1889669, 1933, 0, 0
1243, 39, 60, 348, 2, 0, 2.95%, 0, 0, 13, 1496.14, 1897128, 1933, 0, 0
1248, 39, 70, 348, 2, 0, 2.95%, 0, 0, 13, 1457.24, 1904499, 1933, 0, 0
1254, 39, 173, 348, 2, 0, 2.95%, 0, 0, 13, 1472.00, 1912013, 1933, 0, 0
1259, 40, 225, 349, 3, 0, 2.95%, 0, 0, 13, 1446.58, 1919422, 1933, 0, 0
1264, 40, 71, 350, 4, 0, 2.95%, 0, 0, 13, 1380.52, 1926468, 1933, 0, 0
1269, 40, 349, 350, 3, 0, 2.95%, 0, 0, 13, 1376.18, 1934085, 1933, 0, 0
1274, 40, 219, 350, 1, 0, 2.95%, 0, 0, 13, 1367.11, 1940796, 1933, 0, 0
1279, 40, 284, 350, 1, 0, 2.95%, 0, 0, 13, 1359.72, 1947652, 1933, 0, 0
1284, 40, 45, 350, 1, 0, 2.95%, 0, 0, 13, 1422.65, 1954895, 1933, 0, 0
1290, 40, 171, 350, 1, 0, 2.95%, 0, 0, 13, 1422.56, 1962113, 1933, 0, 0
1295, 40, 298, 350, 1, 0, 2.95%, 0, 0, 13, 1517.92, 1969902, 1933, 0, 0
1300, 40, 263, 350, 1, 0, 2.95%, 0, 0, 13, 1559.26, 1978018, 1933, 0, 0
1305, 41, 314, 350, 1, 0, 2.95%, 0, 0, 13, 1503.30, 1985712, 1933, 0, 0
1310, 41, 338, 350, 1, 0, 2.95%, 0, 0, 13, 1507.41, 1993437, 1933, 0, 0
1315, 41, 202, 350, 1, 0, 2.95%, 0, 0, 13, 1493.88, 2000942, 1933, 0, 0
1320, 41, 347, 350, 1, 0, 2.95%, 0, 0, 13, 1551.34, 2009102, 1933, 0, 0
1325, 41, 192, 350, 1, 0, 2.95%, 0, 0, 13, 1557.70, 2016970, 1933, 0, 0
1331, 41, 170, 350, 1, 0, 2.95%, 0, 0, 13, 1547.86, 2024870, 1933, 0, 0
1336, 41, 302, 350, 1, 0, 2.95%, 0, 0, 13, 1519.10, 2032442, 1933, 0, 0
1341, 42, 187, 350, 1, 0, 2.95%, 0, 0, 13, 1470.15, 2040291, 1933, 0, 0
1346, 42, 268, 350, 1, 0, 2.95%, 0, 0, 13, 1509.41, 2048088, 1933, 0, 0
1351, 42, 165, 350, 1, 0, 2.95%, 0, 0, 13, 1545.73, 2055928, 1933, 0, 0
1356, 42, 255, 350, 1, 0, 2.95%, 0, 0, 13, 1577.26, 2063902, 1933, 0, 0
1361, 42, 107, 350, 1, 0, 2.95%, 0, 0, 13, 1573.89, 2072076, 1933, 0, 0
1366, 42, 103, 350, 1, 0, 2.95%, 0, 0, 13, 1552.62, 2079807, 1933, 0, 0
1371, 42, 350, 352, 3, 0, 2.95%, 0, 0, 13, 1563.40, 2087649, 1933, 0, 0
1376, 42, 200, 353, 2, 0, 2.95%, 0, 0, 13, 1551.18, 2095401, 1933, 0, 0
1381, 42, 338, 353, 2, 0, 2.95%, 0, 0, 13, 1496.50, 2102959, 1933, 0, 0
1387, 43, 297, 353, 2, 0, 2.95%, 0, 0, 13, 1482.35, 2110767, 1933, 0, 0
1392, 43, 239, 353, 2, 0, 2.95%, 0, 0, 13, 1529.03, 2118653, 1933, 0, 0
1397, 43, 255, 353, 2, 0, 2.95%, 0, 0, 13, 1543.45, 2126735, 1933, 0, 0
1402, 43, 277, 353, 2, 0, 2.95%, 0, 0, 13, 1470.53, 2134352, 1933, 0, 0
1407, 43, 8, 353, 2, 0, 2.95%, 0, 0, 13, 1524.87, 2142088, 1933, 0, 0
1412, 43, 256, 354, 1, 0, 2.95%, 0, 0, 13, 1542.64, 2149906, 1934, 0, 0
1418, 43, 145, 354, 1, 0, 2.95%, 0, 0, 13, 1552.06, 2159078, 1934, 0, 0
1423, 44, 293, 354, 1, 0, 2.95%, 0, 0, 13, 1563.28, 2167189, 1934, 0, 0
1428, 44, 338, 354, 1, 0, 2.95%, 0, 0, 13, 1558.96, 2174988, 1934, 0, 0
1433, 44, 158, 354, 1, 0, 2.95%, 0, 0, 13, 1547.99, 2182775, 1934, 0, 0
1438, 44, 353, 354, 1, 0, 2.95%, 0, 0, 13, 1560.82, 2190890, 1934, 0, 0
1443, 44, 353, 355, 1, 0, 2.95%, 0, 0, 13, 1547.36, 2198673, 1934, 0, 0
1448, 44, 354, 355, 1, 0, 2.95%, 0, 0, 13, 1557.56, 2206488, 1934, 0, 0
1454, 44, 145, 355, 1, 0, 2.95%, 0, 0, 13, 1553.22, 2214478, 1934, 0, 0
1459, 44, 187, 355, 1, 0, 2.95%, 0, 0, 13, 1548.14, 2222155, 1934, 0, 0
1464, 44, 339, 356, 2, 0, 2.95%, 0, 0, 13, 1445.76, 2229557, 1934, 0, 0
1469, 45, 210, 356, 2, 0, 2.95%, 0, 0, 13, 1331.57, 2236426, 1934, 0, 0
1474, 45, 130, 356, 2, 0, 2.95%, 0, 0, 13, 1157.73, 2241593, 1934, 0, 0
1479, 45, 255, 356, 2, 0, 2.95%, 0, 0, 13, 1331.23, 2248631, 1934, 0, 0
1484, 45, 284, 356, 2, 0, 2.95%, 0, 0, 13, 1364.10, 2255476, 1934, 0, 0
1489, 45, 241, 356, 2, 0, 2.95%, 0, 0, 13, 1426.19, 2263251, 1934, 0, 0
1495, 45, 253, 356, 2, 0, 2.95%, 0, 0, 13, 1478.46, 2270988, 1934, 0, 0
1500, 45, 30, 356, 2, 0, 2.95%, 0, 0, 13, 1497.46, 2278974, 1934, 0, 0
1505, 45, 220, 356, 2, 0, 2.95%, 0, 0, 13, 1471.14, 2286598, 1934, 0, 0
1510, 45, 351, 356, 2, 0, 2.95%, 0, 0, 13, 1454.90, 2294239, 1934, 0, 0
1515, 46, 165, 356, 2, 0, 2.95%, 0, 0, 13, 1458.00, 2301565, 1934, 0, 0
1520, 46, 163, 356, 2, 0, 2.95%, 0, 0, 13, 1405.22, 2308828, 1934, 0, 0
1525, 46, 354, 356, 2, 0, 2.95%, 0, 0, 13, 1439.47, 2316023, 1934, 0, 0
1531, 46, 132, 356, 1, 0, 2.95%, 0, 0, 13, 1473.29, 2323948, 1934, 0, 0
1536, 46, 300, 356, 1, 0, 2.95%, 0, 0, 13, 1459.19, 2331560, 1934, 0, 0
1541, 46, 325, 356, 1, 0, 2.95%, 0, 0, 13, 1464.95, 2339197, 1934, 0, 0
1546, 46, 271, 356, 1, 0, 2.95%, 0, 0, 13, 1472.33, 2346810, 1934, 0, 0
1552, 46, 355, 357, 2, 0, 2.95%, 0, 0, 14, 1493.87, 2354524, 1934, 0, 0
1557, 47, 160, 357, 1, 0, 2.95%, 0, 0, 14, 1465.76, 2362153, 1934, 0, 0
1562, 47, 236, 357, 0, 0, 2.95%, 0, 0, 14, 1463.57, 2369531, 1934, 0, 0
1567, 47, 163, 357, 0, 0, 2.95%, 0, 0, 14, 1474.86, 2377009, 1934, 0, 0
1572, 47, 183, 357, 0, 0, 2.95%, 0, 0, 14, 1441.10, 2384222, 1934, 0, 0
1577, 47, 354, 357, 0, 0, 2.95%, 0, 0, 14, 1483.06, 2392026, 1934, 0, 0
1582, 47, 114, 357, 0, 0, 2.95%, 0, 0, 14, 1480.80, 2399686, 1934, 0, 0
1587, 47, 136, 357, 0, 0, 2.95%, 0, 0, 14, 1442.49, 2407174, 1934, 0, 0
1592, 47, 116, 357, 0, 0, 2.95%, 0, 0, 14, 1467.76, 2414677, 1934, 0, 0
1598, 47, 125, 357, 0, 0, 2.95%, 0, 0, 14, 1463.46, 2422918, 1934, 0, 0
1603, 48, 202, 357, 0, 0, 2.95%, 0, 0, 14, 1468.33, 2430624, 1934, 0, 0
1608, 48, 353, 357, 0, 0, 2.95%, 0, 0, 14, 1472.78, 2438238, 1934, 0, 0
1613, 48, 339, 357, 0, 0, 2.95%, 0, 0, 14, 1471.16, 2445569, 1934, 0, 0
1618, 48, 183, 357, 0, 0, 2.95%, 0, 0, 14, 1457.78, 2452965, 1934, 0, 0
1624, 48, 354, 357, 0, 0, 2.95%, 0, 0, 14, 1442.88, 2460405, 1934, 0, 0
1629, 48, 19, 357, 0, 0, 2.95%, 0, 0, 14, 1493.04, 2468602, 1934, 0, 0
1634, 48, 15, 357, 0, 0, 2.95%, 0, 0, 14, 1474.84, 2476235, 1934, 0, 0
1639, 48, 224, 357, 0, 0, 2.95%, 0, 0, 14, 1456.99, 2483578, 1934, 0, 0
1644, 49, 39, 357, 0, 0, 2.95%, 0, 0, 14, 1446.29, 2491143, 1934, 0, 0
1649, 49, 291, 357, 0, 0, 2.95%, 0, 0, 14, 1406.15, 2498215, 1934, 0, 0
1655, 49, 242, 357, 0, 0, 2.95%, 0, 0, 14, 1445.40, 2505764, 1934, 0, 0
1660, 49, 263, 357, 0, 0, 2.95%, 0, 0, 14, 1447.79, 2512983, 1934, 0, 0
1665, 49, 285, 357, 0, 0, 2.95%, 0, 0, 14, 1448.11, 2520559, 1934, 0, 0
1670, 49, 56, 357, 0, 0, 2.95%, 0, 0, 14, 1456.80, 2528060, 1934, 0, 0
1675, 49, 354, 357, 0, 0, 2.95%, 0, 0, 14, 1484.90, 2535517, 1934, 0, 0
1680, 49, 307, 357, 0, 0, 2.95%, 0, 0, 14, 1485.86, 2543113, 1934, 0, 0
1685, 49, 294, 357, 0, 0, 2.95%, 0, 0, 14, 1469.79, 2550709, 1934, 0, 0
1690, 50, 354, 357, 0, 0, 2.95%, 0, 0, 14, 1444.64, 2558169, 1934, 0, 0
1696, 50, 316, 357, 0, 0, 2.95%, 0, 0, 14, 1470.42, 2565807, 1934, 0, 0
1701, 50, 144, 357, 0, 0, 2.95%, 0, 0, 14, 1472.19, 2573456, 1934, 0, 0
1706, 50, 301, 358, 0, 0, 2.96%, 0, 0, 14, 1496.76, 2581239, 1939, 0, 0
1711, 50, 183, 358, 0, 0, 2.96%, 0, 0, 14, 1492.03, 2588952, 1939, 0, 0
1716, 50, 354, 358, 0, 0, 2.96%, 0, 0, 14, 1481.44, 2596298, 1939, 0, 0
1722, 50, 352, 358, 0, 0, 2.96%, 0, 0, 14, 1503.15, 2605072, 1939, 0, 0
1727, 50, 47, 359, 1, 0, 2.96%, 0, 0, 14, 1519.33, 2612664, 1939, 0, 0
1732, 50, 232, 359, 1, 0, 2.96%, 0, 0, 14, 1480.26, 2620116, 1939, 0, 0
1737, 51, 267, 359, 1, 0, 2.96%, 0, 0, 14, 1503.07, 2627707, 1939, 0, 0
1742, 51, 351, 359, 1, 0, 2.96%, 0, 0, 14, 1516.53, 2635656, 1939, 0, 0
1747, 51, 147, 359, 1, 0, 2.96%, 0, 0, 14, 1493.74, 2643158, 1939, 0, 0
1752, 51, 295, 359, 1, 0, 2.96%, 0, 0, 14, 1505.02, 2650963, 1939, 0, 0
1759, 51, 323, 360, 1, 0, 2.96%, 0, 0, 14, 1501.76, 2660103, 1941, 0, 0
1764, 51, 285, 360, 1, 0, 2.96%, 0, 0, 14, 1504.46, 2668002, 1941, 0, 0
1769, 51, 152, 360, 1, 0, 2.96%, 0, 0, 14, 1505.70, 2675588, 1941, 0, 0
1774, 51, 294, 360, 1, 0, 2.96%, 0, 0, 14, 1508.47, 2683276, 1941, 0, 0
1779, 51, 339, 360, 0, 0, 2.96%, 0, 0, 14, 1514.12, 2691172, 1941, 0, 0
1784, 52, 354, 360, 0, 0, 2.96%, 0, 0, 14, 1234.30, 2697413, 1941, 0, 0
1789, 52, 89, 360, 0, 0, 2.96%, 0, 0, 14, 1128.78, 2703116, 1941, 0, 0
1794, 52, 354, 360, 0, 0, 2.96%, 0, 0, 14, 1293.25, 2709394, 1941, 0, 0
1800, 52, 33, 360, 0, 0, 2.96%, 0, 0, 14, 1543.62, 2717738, 1941, 0, 0
